ID	Waveform	Period	Phase	Nadir	Tau	P
0.18468210862004036	cosine	24.0	2.0	6.0	0.30303030303030315	0.08511721571435177
-0.7028792811368746	cosine	24.0	10.0	12.0	0.45454545454545475	0.019834630913749846
-0.42340560515778114	cosine	24.0	2.0	10.0	0.3939393939393941	0.037302414641954044
0.27692358342636253	cosine	24.0	6.0	8.0	0.30303030303030315	0.08511721571435177
-0.14270016354857654	cosine	24.0	14.0	6.0	0.3939393939393941	0.037302414641954044
-1.6086180394062002	cosine	24.0	10.0	8.0	0.5151515151515154	0.00986438530634296
0.40244469903324764	cosine	24.0	0.0	22.0	0.2727272727272728	0.10854448149943507
-0.9497695142463487	cosine	24.0	12.0	10.0	0.45454545454545475	0.019834630913749846
-1.021846232467488	cosine	24.0	2.0	0.0	0.3333333333333335	0.06570102610411901
0.945851467093142	cosine	24.0	2.0	4.0	0.3636363636363638	0.04990853551146973
1.4928331855694557	cosine	24.0	22.0	20.0	0.4242424242424244	0.02742697317621316
0.00790248067640946	cosine	24.0	2.0	4.0	0.5454545454545456	0.0067819162397311575
0.8789380714847733	cosine	24.0	16.0	14.0	0.3939393939393941	0.037302414641954044
-0.9719950380016923	cosine	24.0	8.0	6.0	0.4242424242424244	0.02742697317621316
0.10979514971983907	cosine	24.0	14.0	12.0	0.3636363636363638	0.04990853551146973
-0.16888521597746778	cosine	24.0	16.0	20.0	0.4848484848484851	0.014106153084401886
-0.3462232735490085	cosine	24.0	6.0	18.0	0.4848484848484851	0.014106153084401886
-0.628109576876674	cosine	24.0	6.0	8.0	0.3636363636363638	0.04990853551146973
1.6733012597741932	cosine	24.0	20.0	22.0	0.3636363636363638	0.04990853551146973
-0.9568751199709872	cosine	24.0	2.0	22.0	0.30303030303030315	0.08511721571435177
-0.9986308406260813	cosine	24.0	4.0	6.0	0.3939393939393941	0.037302414641954044
0.7057613462637026	cosine	24.0	22.0	2.0	0.3939393939393941	0.037302414641954044
0.8083637949690489	cosine	24.0	6.0	4.0	0.4242424242424244	0.02742697317621316
-0.9279238724816334	cosine	24.0	2.0	20.0	0.45454545454545475	0.019834630913749846
1.7566154575940123	cosine	24.0	20.0	22.0	0.5151515151515154	0.00986438530634296
-3.3478450346797124	cosine	24.0	22.0	20.0	0.45454545454545475	0.019834630913749846
0.39237154842069744	cosine	24.0	8.0	12.0	0.5454545454545456	0.0067819162397311575
-2.028958474888495	cosine	24.0	22.0	8.0	0.4242424242424244	0.02742697317621316
0.835073818491314	cosine	24.0	14.0	10.0	0.4242424242424244	0.02742697317621316
-0.5049930044212292	cosine	24.0	22.0	20.0	0.45454545454545475	0.019834630913749846
-1.7952320097600754	cosine	24.0	8.0	16.0	0.5454545454545456	0.0067819162397311575
-1.231531145361573	cosine	24.0	22.0	20.0	0.575757575757576	0.004583576838638997
-0.36200727620621637	cosine	24.0	20.0	18.0	0.3333333333333335	0.06570102610411901
0.7082285520940746	cosine	24.0	18.0	0.0	0.5151515151515154	0.00986438530634296
0.9597371673854173	cosine	24.0	8.0	2.0	0.4242424242424244	0.02742697317621316
-0.49441143881892935	cosine	24.0	22.0	0.0	0.3939393939393941	0.037302414641954044
1.823249148669609	cosine	24.0	4.0	6.0	0.6363636363636367	0.001988079806063042
0.7625977813762611	cosine	24.0	4.0	6.0	0.3636363636363638	0.04990853551146973
-0.17573334945019234	cosine	24.0	10.0	16.0	0.6969696969696972	0.0008043156973336818
0.5353199590134268	cosine	24.0	16.0	6.0	0.6363636363636367	0.001988079806063042
-0.3381521232821411	cosine	24.0	12.0	14.0	0.3333333333333335	0.06570102610411901
0.19627719824469672	cosine	24.0	14.0	20.0	0.5151515151515154	0.00986438530634296
-0.19259499278645653	cosine	24.0	10.0	16.0	0.5151515151515154	0.00986438530634296
-0.07607668196668116	cosine	24.0	8.0	16.0	0.3939393939393941	0.037302414641954044
-1.5383695062546805	cosine	24.0	18.0	12.0	0.2727272727272728	0.10854448149943507
-0.6274574635016228	cosine	24.0	16.0	18.0	0.3939393939393941	0.037302414641954044
-1.3681667964109159	cosine	24.0	22.0	0.0	0.4242424242424244	0.02742697317621316
1.0465370954767903	cosine	24.0	16.0	14.0	0.3636363636363638	0.04990853551146973
-0.09926265223550462	cosine	24.0	0.0	22.0	0.5454545454545456	0.0067819162397311575
-2.8772016096578876	cosine	24.0	10.0	12.0	0.5151515151515154	0.00986438530634296
0.33956109248601746	cosine	24.0	12.0	8.0	0.7575757575757579	0.000303320964553055
1.0038955380662473	cosine	24.0	4.0	8.0	0.3939393939393941	0.037302414641954044
1.0696464694201087	cosine	24.0	12.0	14.0	0.2727272727272728	0.10854448149943507
-1.1245485903452432	cosine	24.0	18.0	16.0	0.5151515151515154	0.00986438530634296
-0.027559485982353034	cosine	24.0	10.0	8.0	0.3636363636363638	0.04990853551146973
1.4147274104311414	cosine	24.0	2.0	22.0	0.575757575757576	0.004583576838638997
0.8485979717470219	cosine	24.0	20.0	6.0	0.5151515151515154	0.00986438530634296
-0.9609332636457566	cosine	24.0	0.0	6.0	0.24242424242424254	0.1362855657955242
-0.008440306950596796	cosine	24.0	8.0	12.0	0.575757575757576	0.004583576838638997
1.0599252220945279	cosine	24.0	10.0	12.0	0.3939393939393941	0.037302414641954044
-0.296846840396778	cosine	24.0	12.0	10.0	0.5151515151515154	0.00986438530634296
0.015562388060397123	cosine	24.0	0.0	4.0	0.575757575757576	0.004583576838638997
1.374387770215605	cosine	24.0	6.0	0.0	0.6060606060606063	0.003044944233852819
-0.4278171951829288	cosine	24.0	0.0	2.0	0.45454545454545475	0.019834630913749846
0.42854049893329127	cosine	24.0	16.0	12.0	0.3333333333333335	0.06570102610411901
-1.0775933629082266	cosine	24.0	10.0	8.0	0.45454545454545475	0.019834630913749846
1.0696333368235997	cosine	24.0	4.0	2.0	0.30303030303030315	0.08511721571435177
-1.0463011686446573	cosine	24.0	22.0	2.0	0.3636363636363638	0.04990853551146973
1.6977994164262848	cosine	24.0	6.0	10.0	0.575757575757576	0.004583576838638997
1.504012340996827	cosine	24.0	12.0	16.0	0.5151515151515154	0.00986438530634296
-0.282391213161117	cosine	24.0	6.0	4.0	0.45454545454545475	0.019834630913749846
-0.24450782552326933	cosine	24.0	14.0	12.0	0.4242424242424244	0.02742697317621316
0.9211548658352376	cosine	24.0	14.0	12.0	0.2727272727272728	0.10854448149943507
0.39340188892768696	cosine	24.0	18.0	4.0	0.575757575757576	0.004583576838638997
0.8260566740541481	cosine	24.0	0.0	22.0	0.4848484848484851	0.014106153084401886
-1.7452701451257808	cosine	24.0	12.0	16.0	0.6969696969696972	0.0008043156973336818
-0.33266779873154784	cosine	24.0	0.0	4.0	0.3636363636363638	0.04990853551146973
0.21045441971970835	cosine	24.0	2.0	0.0	0.5454545454545456	0.0067819162397311575
-2.1106880994231267	cosine	24.0	10.0	6.0	0.4242424242424244	0.02742697317621316
-0.23128778065176048	cosine	24.0	10.0	18.0	0.30303030303030315	0.08511721571435177
-0.6445834163314494	cosine	24.0	10.0	12.0	0.3333333333333335	0.06570102610411901
0.3851118483657385	cosine	24.0	22.0	0.0	0.3939393939393941	0.037302414641954044
0.7658757238183744	cosine	24.0	14.0	12.0	0.5454545454545456	0.0067819162397311575
0.6184889797696129	cosine	24.0	16.0	12.0	0.4848484848484851	0.014106153084401886
0.6759339902848107	cosine	24.0	18.0	20.0	0.30303030303030315	0.08511721571435177
-1.5938956244605043	cosine	24.0	18.0	14.0	0.4242424242424244	0.02742697317621316
-1.1620009819264685	cosine	24.0	4.0	22.0	0.3939393939393941	0.037302414641954044
-0.012148118320581703	cosine	24.0	20.0	22.0	0.5454545454545456	0.0067819162397311575
-1.3586061230173385	cosine	24.0	8.0	10.0	0.45454545454545475	0.019834630913749846
1.40683079343498	cosine	24.0	2.0	4.0	0.5151515151515154	0.00986438530634296
-1.0338654876256388	cosine	24.0	6.0	8.0	0.3333333333333335	0.06570102610411901
1.1754120405287416	cosine	24.0	16.0	18.0	0.3333333333333335	0.06570102610411901
0.11780082112945459	cosine	24.0	8.0	12.0	0.4242424242424244	0.02742697317621316
-0.44929316727797713	cosine	24.0	16.0	22.0	0.5454545454545456	0.0067819162397311575
0.24060538853230146	cosine	24.0	12.0	10.0	0.24242424242424254	0.1362855657955242
1.6549405842522362	cosine	24.0	2.0	4.0	0.575757575757576	0.004583576838638997
-1.8653565629274746	cosine	24.0	16.0	20.0	0.4848484848484851	0.014106153084401886
-1.474891930795945	cosine	24.0	18.0	16.0	0.3333333333333335	0.06570102610411901
-1.4902735401975453	cosine	24.0	20.0	0.0	0.4848484848484851	0.014106153084401886
0.4538908269662854	cosine	24.0	18.0	16.0	0.4242424242424244	0.02742697317621316
-1.0882058457164228	cosine	24.0	22.0	20.0	0.4848484848484851	0.014106153084401886
-1.7163681923000422	cosine	24.0	8.0	10.0	0.575757575757576	0.004583576838638997
1.44497469022159	cosine	24.0	10.0	12.0	0.6060606060606063	0.003044944233852819
0.9503174023660266	cosine	24.0	22.0	2.0	0.575757575757576	0.004583576838638997
0.7831673957046384	cosine	24.0	10.0	14.0	0.45454545454545475	0.019834630913749846
0.6755521638508563	cosine	24.0	0.0	20.0	0.6363636363636367	0.001988079806063042
1.3108664125781189	cosine	24.0	20.0	18.0	0.6363636363636367	0.001988079806063042
1.7007001089317175	cosine	24.0	12.0	10.0	0.4848484848484851	0.014106153084401886
1.2405100763363235	cosine	24.0	18.0	20.0	0.30303030303030315	0.08511721571435177
0.6772115988429142	cosine	24.0	0.0	2.0	0.45454545454545475	0.019834630913749846
0.43010660413342267	cosine	24.0	20.0	22.0	0.3333333333333335	0.06570102610411901
-0.4600579345454658	cosine	24.0	20.0	2.0	0.5151515151515154	0.00986438530634296
-0.6507192341252598	cosine	24.0	10.0	12.0	0.3333333333333335	0.06570102610411901
-1.9456994735338393	cosine	24.0	12.0	10.0	0.6363636363636367	0.001988079806063042
-0.09823452838545504	cosine	24.0	16.0	20.0	0.3939393939393941	0.037302414641954044
-0.8347105348494315	cosine	24.0	4.0	2.0	0.575757575757576	0.004583576838638997
-0.4095884215261363	cosine	24.0	20.0	18.0	0.3939393939393941	0.037302414641954044
-0.29355451140579963	cosine	24.0	18.0	16.0	0.30303030303030315	0.08511721571435177
1.0119680150415626	cosine	24.0	2.0	4.0	0.3636363636363638	0.04990853551146973
-2.0977410615593963	cosine	24.0	2.0	22.0	0.4848484848484851	0.014106153084401886
-0.4052997316216548	cosine	24.0	14.0	16.0	0.30303030303030315	0.08511721571435177
-1.2997039814573605	cosine	24.0	12.0	18.0	0.2727272727272728	0.10854448149943507
-1.0651364955899134	cosine	24.0	0.0	2.0	0.3939393939393941	0.037302414641954044
0.8542652077976728	cosine	24.0	18.0	16.0	0.5151515151515154	0.00986438530634296
-0.31718311160611046	cosine	24.0	18.0	20.0	0.4848484848484851	0.014106153084401886
0.6823229265145481	cosine	24.0	8.0	10.0	0.575757575757576	0.004583576838638997
1.0537949089805636	cosine	24.0	6.0	22.0	0.4242424242424244	0.02742697317621316
0.2787501166336502	cosine	24.0	12.0	4.0	0.5151515151515154	0.00986438530634296
1.1241580211220235	cosine	24.0	2.0	20.0	0.666666666666667	0.0012756406460599887
-0.23058578640187347	cosine	24.0	22.0	20.0	0.30303030303030315	0.08511721571435177
1.005939825949898	cosine	24.0	20.0	14.0	0.6363636363636367	0.001988079806063042
0.6288110061519381	cosine	24.0	4.0	8.0	0.30303030303030315	0.08511721571435177
0.5352620820570277	cosine	24.0	2.0	8.0	0.5151515151515154	0.00986438530634296
0.2693988469335181	cosine	24.0	14.0	18.0	0.575757575757576	0.004583576838638997
-0.6985464849123604	cosine	24.0	14.0	16.0	0.3636363636363638	0.04990853551146973
0.9918680278260746	cosine	24.0	14.0	20.0	0.4242424242424244	0.02742697317621316
0.15938068724241258	cosine	24.0	18.0	16.0	0.1818181818181819	0.20529080418760415
-0.16096523114964922	cosine	24.0	0.0	2.0	0.3939393939393941	0.037302414641954044
0.2733738280780451	cosine	24.0	12.0	10.0	0.45454545454545475	0.019834630913749846
0.027422440859200196	cosine	24.0	22.0	0.0	0.45454545454545475	0.019834630913749846
0.607558717771807	cosine	24.0	14.0	8.0	0.6060606060606063	0.003044944233852819
0.6242116218450267	cosine	24.0	0.0	22.0	0.4242424242424244	0.02742697317621316
-1.782567748545547	cosine	24.0	6.0	2.0	0.2727272727272728	0.10854448149943507
1.7155545563796548	cosine	24.0	14.0	12.0	0.3636363636363638	0.04990853551146973
0.37102295754491155	cosine	24.0	20.0	22.0	0.5151515151515154	0.00986438530634296
-1.0401772235048974	cosine	24.0	0.0	6.0	0.3636363636363638	0.04990853551146973
-0.0949197039560515	cosine	24.0	16.0	18.0	0.45454545454545475	0.019834630913749846
0.008653559922946034	cosine	24.0	22.0	18.0	0.3636363636363638	0.04990853551146973
-0.5981493543803024	cosine	24.0	12.0	10.0	0.2727272727272728	0.10854448149943507
-1.1811982786753064	cosine	24.0	20.0	18.0	0.45454545454545475	0.019834630913749846
0.29777282124642607	cosine	24.0	4.0	0.0	0.3636363636363638	0.04990853551146973
-0.4104551822827925	cosine	24.0	20.0	22.0	0.4242424242424244	0.02742697317621316
0.8168604954348618	cosine	24.0	10.0	12.0	0.3636363636363638	0.04990853551146973
0.01521299962237419	cosine	24.0	12.0	10.0	0.3333333333333335	0.06570102610411901
1.2162398959630227	cosine	24.0	4.0	2.0	0.30303030303030315	0.08511721571435177
0.10205409541278317	cosine	24.0	16.0	10.0	0.6969696969696972	0.0008043156973336818
1.4067500340078256	cosine	24.0	20.0	18.0	0.4848484848484851	0.014106153084401886
1.9745592789444788	cosine	24.0	4.0	2.0	0.3333333333333335	0.06570102610411901
0.316210706126775	cosine	24.0	6.0	4.0	0.6060606060606063	0.003044944233852819
-0.3345540626369525	cosine	24.0	6.0	4.0	0.30303030303030315	0.08511721571435177
0.773026264167274	cosine	24.0	0.0	6.0	0.4848484848484851	0.014106153084401886
-1.0755368414269155	cosine	24.0	18.0	16.0	0.3333333333333335	0.06570102610411901
-0.5684707119160078	cosine	24.0	12.0	10.0	0.45454545454545475	0.019834630913749846
-1.5375022468277462	cosine	24.0	10.0	14.0	0.3939393939393941	0.037302414641954044
1.0609721271081336	cosine	24.0	20.0	18.0	0.3636363636363638	0.04990853551146973
0.5741332996754438	cosine	24.0	14.0	10.0	0.575757575757576	0.004583576838638997
0.10056425382647598	cosine	24.0	22.0	20.0	0.3636363636363638	0.04990853551146973
-0.34776028675614984	cosine	24.0	22.0	20.0	0.24242424242424254	0.1362855657955242
0.926497858360038	cosine	24.0	22.0	16.0	0.4242424242424244	0.02742697317621316
-0.33478906835222694	cosine	24.0	16.0	20.0	0.3636363636363638	0.04990853551146973
1.817147942826554	cosine	24.0	10.0	8.0	0.5151515151515154	0.00986438530634296
-0.4020467862360749	cosine	24.0	22.0	16.0	0.2727272727272728	0.10854448149943507
-1.1403663290875674	cosine	24.0	10.0	20.0	0.5454545454545456	0.0067819162397311575
-1.1628022980584376	cosine	24.0	14.0	12.0	0.30303030303030315	0.08511721571435177
-1.9905080563343711	cosine	24.0	16.0	14.0	0.3333333333333335	0.06570102610411901
0.8387664215463806	cosine	24.0	6.0	4.0	0.30303030303030315	0.08511721571435177
0.15952831874575904	cosine	24.0	12.0	14.0	0.45454545454545475	0.019834630913749846
0.5468557797314987	cosine	24.0	16.0	20.0	0.4848484848484851	0.014106153084401886
1.1890658997870904	cosine	24.0	22.0	0.0	0.45454545454545475	0.019834630913749846
-1.6164943942095944	cosine	24.0	20.0	22.0	0.45454545454545475	0.019834630913749846
0.2093403213798578	cosine	24.0	2.0	0.0	0.3636363636363638	0.04990853551146973
0.721615882288955	cosine	24.0	6.0	4.0	0.3939393939393941	0.037302414641954044
1.0792864243648899	cosine	24.0	4.0	2.0	0.4242424242424244	0.02742697317621316
-1.0184901838799314	cosine	24.0	6.0	8.0	0.30303030303030315	0.08511721571435177
-1.3819804651900434	cosine	24.0	16.0	18.0	0.3636363636363638	0.04990853551146973
1.9294316072051554	cosine	24.0	14.0	12.0	0.3333333333333335	0.06570102610411901
-1.23548199287601	cosine	24.0	10.0	8.0	0.6969696969696972	0.0008043156973336818
0.2871984287199143	cosine	24.0	0.0	22.0	0.3636363636363638	0.04990853551146973
0.240374235061778	cosine	24.0	14.0	16.0	0.5151515151515154	0.00986438530634296
0.6323740956943135	cosine	24.0	16.0	18.0	0.4848484848484851	0.014106153084401886
-1.2970108507369387	cosine	24.0	0.0	22.0	0.45454545454545475	0.019834630913749846
-1.5520525585778635	cosine	24.0	16.0	18.0	0.4242424242424244	0.02742697317621316
-0.9453531536669038	cosine	24.0	20.0	22.0	0.5151515151515154	0.00986438530634296
-0.22579365185696026	cosine	24.0	4.0	10.0	0.2727272727272728	0.10854448149943507
-0.501359546039987	cosine	24.0	16.0	12.0	0.3939393939393941	0.037302414641954044
0.11467238593201613	cosine	24.0	16.0	22.0	0.3333333333333335	0.06570102610411901
1.3357261051681475	cosine	24.0	12.0	14.0	0.3636363636363638	0.04990853551146973
0.17936809668396533	cosine	24.0	18.0	10.0	0.6363636363636367	0.001988079806063042
-1.1595924744249348	cosine	24.0	6.0	8.0	0.3939393939393941	0.037302414641954044
0.08518322646140684	cosine	24.0	4.0	2.0	0.30303030303030315	0.08511721571435177
0.12359275767423156	cosine	24.0	12.0	14.0	0.45454545454545475	0.019834630913749846
-0.4533676831925969	cosine	24.0	14.0	16.0	0.3333333333333335	0.06570102610411901
0.9444352494656479	cosine	24.0	4.0	22.0	0.5454545454545456	0.0067819162397311575
1.1677145143632435	cosine	24.0	22.0	20.0	0.4848484848484851	0.014106153084401886
0.41269674989080274	cosine	24.0	12.0	14.0	0.6363636363636367	0.001988079806063042
-1.4695496645568613	cosine	24.0	2.0	20.0	0.4848484848484851	0.014106153084401886
2.1327241183718333	cosine	24.0	20.0	18.0	0.30303030303030315	0.08511721571435177
-1.7588953664839555	cosine	24.0	20.0	22.0	0.3333333333333335	0.06570102610411901
0.0025872969346017465	cosine	24.0	2.0	4.0	0.4242424242424244	0.02742697317621316
-0.9068738286063954	cosine	24.0	0.0	4.0	0.4242424242424244	0.02742697317621316
0.7572730189425774	cosine	24.0	16.0	14.0	0.3333333333333335	0.06570102610411901
-0.289857537180975	cosine	24.0	6.0	8.0	0.3636363636363638	0.04990853551146973
-0.5902632465998162	cosine	24.0	20.0	2.0	0.5454545454545456	0.0067819162397311575
-0.04625514132087453	cosine	24.0	0.0	22.0	0.45454545454545475	0.019834630913749846
-0.31686711302846143	cosine	24.0	18.0	14.0	0.2727272727272728	0.10854448149943507
1.8662626016531805	cosine	24.0	8.0	6.0	0.3939393939393941	0.037302414641954044
0.32860005466201436	cosine	24.0	6.0	20.0	0.5151515151515154	0.00986438530634296
0.6250778061535613	cosine	24.0	2.0	4.0	0.3939393939393941	0.037302414641954044
-0.5822432558209688	cosine	24.0	14.0	10.0	0.5151515151515154	0.00986438530634296
-0.43006765758845394	cosine	24.0	16.0	14.0	0.4848484848484851	0.014106153084401886
-0.3539706115855947	cosine	24.0	22.0	2.0	0.3939393939393941	0.037302414641954044
0.2002002085045727	cosine	24.0	14.0	16.0	0.24242424242424254	0.1362855657955242
0.8143839039306776	cosine	24.0	14.0	12.0	0.2727272727272728	0.10854448149943507
0.37860830229928294	cosine	24.0	10.0	12.0	0.3333333333333335	0.06570102610411901
2.5307338685518164	cosine	24.0	22.0	20.0	0.5151515151515154	0.00986438530634296
-0.9130011092843042	cosine	24.0	18.0	20.0	0.6060606060606063	0.003044944233852819
-0.20238979132759963	cosine	24.0	16.0	18.0	0.4242424242424244	0.02742697317621316
1.8162405645135773	cosine	24.0	6.0	8.0	0.4848484848484851	0.014106153084401886
-1.0514991485633676	cosine	24.0	2.0	22.0	0.5454545454545456	0.0067819162397311575
-0.07803568279458084	cosine	24.0	16.0	14.0	0.3333333333333335	0.06570102610411901
-0.07011807278747076	cosine	24.0	12.0	10.0	0.3636363636363638	0.04990853551146973
0.9140477024618898	cosine	24.0	8.0	12.0	0.3636363636363638	0.04990853551146973
-0.5798415312000071	cosine	24.0	4.0	6.0	0.3636363636363638	0.04990853551146973
-0.20674953797927562	cosine	24.0	6.0	4.0	0.3333333333333335	0.06570102610411901
1.0714537623501466	cosine	24.0	18.0	22.0	0.3636363636363638	0.04990853551146973
-1.0473261723588045	cosine	24.0	12.0	10.0	0.4848484848484851	0.014106153084401886
-1.3119606277149658	cosine	24.0	16.0	18.0	0.3333333333333335	0.06570102610411901
0.050914322525614016	cosine	24.0	8.0	10.0	0.3333333333333335	0.06570102610411901
0.3458948820753968	cosine	24.0	14.0	12.0	0.3939393939393941	0.037302414641954044
0.5597334036906088	cosine	24.0	20.0	18.0	0.2727272727272728	0.10854448149943507
1.4872164108802044	cosine	24.0	16.0	14.0	0.3939393939393941	0.037302414641954044
-0.595395063057801	cosine	24.0	8.0	10.0	0.4848484848484851	0.014106153084401886
-0.14078434801254125	cosine	24.0	4.0	8.0	0.4848484848484851	0.014106153084401886
-1.4036602291069997	cosine	24.0	10.0	8.0	0.3333333333333335	0.06570102610411901
1.2692552175679843	cosine	24.0	4.0	18.0	0.4242424242424244	0.02742697317621316
-1.4837415487426295	cosine	24.0	10.0	22.0	0.3636363636363638	0.04990853551146973
0.3205765693347731	cosine	24.0	12.0	18.0	0.45454545454545475	0.019834630913749846
1.5193272226035264	cosine	24.0	14.0	16.0	0.45454545454545475	0.019834630913749846
0.6144745861530942	cosine	24.0	10.0	8.0	0.4242424242424244	0.02742697317621316
0.018304849122432867	cosine	24.0	4.0	6.0	0.4242424242424244	0.02742697317621316
0.08017758590318207	cosine	24.0	16.0	14.0	0.575757575757576	0.004583576838638997
0.5030954108397305	cosine	24.0	16.0	6.0	0.3636363636363638	0.04990853551146973
0.6429924065983901	cosine	24.0	20.0	18.0	0.45454545454545475	0.019834630913749846
1.1352205955203365	cosine	24.0	6.0	8.0	0.4848484848484851	0.014106153084401886
0.8464142766640859	cosine	24.0	10.0	16.0	0.6363636363636367	0.001988079806063042
-0.1308823476072472	cosine	24.0	2.0	4.0	0.45454545454545475	0.019834630913749846
-0.30231800544240156	cosine	24.0	6.0	8.0	0.5454545454545456	0.0067819162397311575
-0.7356073034922749	cosine	24.0	8.0	10.0	0.4242424242424244	0.02742697317621316
0.31141458323620774	cosine	24.0	18.0	16.0	0.2727272727272728	0.10854448149943507
0.5454201549380754	cosine	24.0	10.0	8.0	0.3636363636363638	0.04990853551146973
2.8260645452715645	cosine	24.0	10.0	12.0	0.4242424242424244	0.02742697317621316
-0.5435048192064329	cosine	24.0	12.0	14.0	0.5454545454545456	0.0067819162397311575
0.4894791758142169	cosine	24.0	2.0	4.0	0.3333333333333335	0.06570102610411901
0.853673201252624	cosine	24.0	20.0	16.0	0.3636363636363638	0.04990853551146973
-0.9123465704779856	cosine	24.0	10.0	12.0	0.5454545454545456	0.0067819162397311575
-0.7271028023358573	cosine	24.0	2.0	4.0	0.3333333333333335	0.06570102610411901
0.49671609274698675	cosine	24.0	12.0	22.0	0.30303030303030315	0.08511721571435177
1.6533869925535123	cosine	24.0	8.0	0.0	0.3939393939393941	0.037302414641954044
-0.6149498289868107	cosine	24.0	10.0	14.0	0.4848484848484851	0.014106153084401886
0.29688024881726843	cosine	24.0	14.0	16.0	0.3939393939393941	0.037302414641954044
-1.7543934901122915	cosine	24.0	14.0	18.0	0.4848484848484851	0.014106153084401886
0.3259765942592956	cosine	24.0	10.0	8.0	0.2727272727272728	0.10854448149943507
-0.9046150421746296	cosine	24.0	10.0	8.0	0.45454545454545475	0.019834630913749846
0.7297386377360988	cosine	24.0	2.0	22.0	0.3939393939393941	0.037302414641954044
-0.6449756310965323	cosine	24.0	12.0	20.0	0.6060606060606063	0.003044944233852819
-0.4741270329298747	cosine	24.0	12.0	20.0	0.3333333333333335	0.06570102610411901
2.0490820919146375	cosine	24.0	12.0	14.0	0.6363636363636367	0.001988079806063042
-0.06789729317999378	cosine	24.0	10.0	0.0	0.5151515151515154	0.00986438530634296
-0.7650381492635541	cosine	24.0	16.0	20.0	0.3939393939393941	0.037302414641954044
0.7047424607294887	cosine	24.0	18.0	16.0	0.3939393939393941	0.037302414641954044
-0.6790182858829196	cosine	24.0	8.0	10.0	0.30303030303030315	0.08511721571435177
0.5683957743212505	cosine	24.0	0.0	6.0	0.3939393939393941	0.037302414641954044
-0.4610259814521462	cosine	24.0	12.0	8.0	0.575757575757576	0.004583576838638997
0.8645379359360891	cosine	24.0	14.0	10.0	0.3636363636363638	0.04990853551146973
-0.5261886360407447	cosine	24.0	4.0	2.0	0.2121212121212122	0.16852366968754684
0.9485349075393907	cosine	24.0	22.0	20.0	0.3636363636363638	0.04990853551146973
0.744498856979231	cosine	24.0	8.0	6.0	0.3636363636363638	0.04990853551146973
-0.3189876711824839	cosine	24.0	16.0	14.0	0.4848484848484851	0.014106153084401886
0.7216745857108919	cosine	24.0	2.0	0.0	0.3636363636363638	0.04990853551146973
-0.13220661865795696	cosine	24.0	8.0	0.0	0.5151515151515154	0.00986438530634296
0.83179335173084	cosine	24.0	22.0	0.0	0.30303030303030315	0.08511721571435177
0.45276974816570836	cosine	24.0	10.0	22.0	0.4242424242424244	0.02742697317621316
-0.3112037733871495	cosine	24.0	0.0	6.0	0.575757575757576	0.004583576838638997
-0.4771869781883595	cosine	24.0	12.0	10.0	0.30303030303030315	0.08511721571435177
-1.9173603630373623	cosine	24.0	8.0	10.0	0.575757575757576	0.004583576838638997
0.06619329674011087	cosine	24.0	2.0	4.0	0.5454545454545456	0.0067819162397311575
0.4791095983770972	cosine	24.0	4.0	6.0	0.4848484848484851	0.014106153084401886
-0.852106818818369	cosine	24.0	16.0	4.0	0.4242424242424244	0.02742697317621316
1.7071087575043091	cosine	24.0	6.0	2.0	0.3939393939393941	0.037302414641954044
-1.2455043469707965	cosine	24.0	18.0	20.0	0.4848484848484851	0.014106153084401886
-0.10422230652065874	cosine	24.0	22.0	0.0	0.4848484848484851	0.014106153084401886
0.9156658972097285	cosine	24.0	2.0	0.0	0.4848484848484851	0.014106153084401886
-0.1664812671517664	cosine	24.0	20.0	18.0	0.45454545454545475	0.019834630913749846
-0.9240259557729231	cosine	24.0	14.0	18.0	0.5454545454545456	0.0067819162397311575
-1.4939602615494303	cosine	24.0	16.0	14.0	0.5151515151515154	0.00986438530634296
0.36095442846991316	cosine	24.0	22.0	0.0	0.4242424242424244	0.02742697317621316
-2.4112096436530077	cosine	24.0	10.0	8.0	0.3939393939393941	0.037302414641954044
-1.924280748489705	cosine	24.0	6.0	4.0	0.30303030303030315	0.08511721571435177
0.4559510866166904	cosine	24.0	22.0	2.0	0.3939393939393941	0.037302414641954044
0.14889083401552697	cosine	24.0	8.0	4.0	0.4242424242424244	0.02742697317621316
1.0969228360446082	cosine	24.0	2.0	4.0	0.30303030303030315	0.08511721571435177
0.8833828952169112	cosine	24.0	12.0	18.0	0.3939393939393941	0.037302414641954044
0.3251718113635333	cosine	24.0	16.0	8.0	0.4848484848484851	0.014106153084401886
1.780856102026503	cosine	24.0	6.0	4.0	0.5454545454545456	0.0067819162397311575
1.0277152136025853	cosine	24.0	12.0	10.0	0.4242424242424244	0.02742697317621316
-0.3696772005439152	cosine	24.0	14.0	18.0	0.3636363636363638	0.04990853551146973
0.9551624252035161	cosine	24.0	10.0	8.0	0.30303030303030315	0.08511721571435177
-0.3969511565642899	cosine	24.0	0.0	22.0	0.3636363636363638	0.04990853551146973
-0.7408035475282952	cosine	24.0	2.0	4.0	0.4242424242424244	0.02742697317621316
-0.7894352916846873	cosine	24.0	8.0	18.0	0.575757575757576	0.004583576838638997
0.5687391685651856	cosine	24.0	14.0	4.0	0.666666666666667	0.0012756406460599887
1.1208174723404938	cosine	24.0	2.0	4.0	0.45454545454545475	0.019834630913749846
-0.9526931141456494	cosine	24.0	8.0	4.0	0.5454545454545456	0.0067819162397311575
0.08375253965358793	cosine	24.0	18.0	10.0	0.30303030303030315	0.08511721571435177
-1.1565171264736362	cosine	24.0	10.0	14.0	0.4242424242424244	0.02742697317621316
-0.9835087185498237	cosine	24.0	0.0	22.0	0.24242424242424254	0.1362855657955242
-0.2687695604363849	cosine	24.0	2.0	16.0	0.45454545454545475	0.019834630913749846
0.5664046781614536	cosine	24.0	4.0	2.0	0.30303030303030315	0.08511721571435177
0.36526630893367196	cosine	24.0	22.0	20.0	0.24242424242424254	0.1362855657955242
0.6968451421464853	cosine	24.0	8.0	10.0	0.4242424242424244	0.02742697317621316
0.5670885263222786	cosine	24.0	22.0	20.0	0.45454545454545475	0.019834630913749846
0.018943747488078515	cosine	24.0	20.0	18.0	0.4242424242424244	0.02742697317621316
-1.5395304972861648	cosine	24.0	6.0	8.0	0.3333333333333335	0.06570102610411901
-0.08675439012800645	cosine	24.0	12.0	10.0	0.45454545454545475	0.019834630913749846
1.0704656689210512	cosine	24.0	8.0	16.0	0.6363636363636367	0.001988079806063042
-1.301146118030822	cosine	24.0	20.0	0.0	0.6060606060606063	0.003044944233852819
1.3571945227751196	cosine	24.0	12.0	14.0	0.3636363636363638	0.04990853551146973
0.6157528840706199	cosine	24.0	0.0	2.0	0.6060606060606063	0.003044944233852819
-1.1956798753351552	cosine	24.0	6.0	22.0	0.4848484848484851	0.014106153084401886
-0.43308630301798356	cosine	24.0	16.0	14.0	0.30303030303030315	0.08511721571435177
1.7506753655870038	cosine	24.0	4.0	2.0	0.4848484848484851	0.014106153084401886
0.8278733579259454	cosine	24.0	14.0	8.0	0.3636363636363638	0.04990853551146973
0.6066651812844872	cosine	24.0	12.0	14.0	0.3333333333333335	0.06570102610411901
-0.01105104716741331	cosine	24.0	8.0	6.0	0.45454545454545475	0.019834630913749846
-2.161752227874162	cosine	24.0	20.0	18.0	0.30303030303030315	0.08511721571435177
-0.930939374956089	cosine	24.0	4.0	2.0	0.4242424242424244	0.02742697317621316
-0.060269338301953065	cosine	24.0	22.0	18.0	0.30303030303030315	0.08511721571435177
-0.23418686273733735	cosine	24.0	2.0	12.0	0.3939393939393941	0.037302414641954044
1.5016086822547867	cosine	24.0	2.0	20.0	0.4242424242424244	0.02742697317621316
0.3003177873381857	cosine	24.0	16.0	12.0	0.575757575757576	0.004583576838638997
0.20653464540803	cosine	24.0	12.0	10.0	0.6969696969696972	0.0008043156973336818
-1.3596620246186084	cosine	24.0	22.0	18.0	0.6363636363636367	0.001988079806063042
0.761756667163324	cosine	24.0	20.0	22.0	0.45454545454545475	0.019834630913749846
2.054222935317963	cosine	24.0	20.0	2.0	0.30303030303030315	0.08511721571435177
-1.0915387581775653	cosine	24.0	2.0	4.0	0.4848484848484851	0.014106153084401886
1.5051433886753087	cosine	24.0	12.0	14.0	0.2727272727272728	0.10854448149943507
0.05302691839436383	cosine	24.0	0.0	22.0	0.45454545454545475	0.019834630913749846
-1.1549779711363384	cosine	24.0	22.0	0.0	0.3333333333333335	0.06570102610411901
1.636932107017138	cosine	24.0	20.0	22.0	0.3636363636363638	0.04990853551146973
1.8599405061566663	cosine	24.0	16.0	14.0	0.6363636363636367	0.001988079806063042
-0.4158516531609349	cosine	24.0	12.0	10.0	0.4242424242424244	0.02742697317621316
1.1969823970430513	cosine	24.0	20.0	0.0	0.6060606060606063	0.003044944233852819
-0.11435195734811608	cosine	24.0	0.0	20.0	0.4848484848484851	0.014106153084401886
0.3987683444648842	cosine	24.0	14.0	10.0	0.5454545454545456	0.0067819162397311575
-0.56255877227686	cosine	24.0	12.0	10.0	0.666666666666667	0.0012756406460599887
-0.7358363224795548	cosine	24.0	2.0	8.0	0.30303030303030315	0.08511721571435177
0.42020839442420843	cosine	24.0	10.0	12.0	0.24242424242424254	0.1362855657955242
-1.113373676953648	cosine	24.0	2.0	22.0	0.4242424242424244	0.02742697317621316
-0.014964806721809146	cosine	24.0	0.0	12.0	0.5454545454545456	0.0067819162397311575
0.8982433667730114	cosine	24.0	20.0	12.0	0.45454545454545475	0.019834630913749846
-1.5893091323927901	cosine	24.0	22.0	20.0	0.3939393939393941	0.037302414641954044
-0.40853817130958286	cosine	24.0	8.0	4.0	0.5151515151515154	0.00986438530634296
0.07045719590558842	cosine	24.0	12.0	14.0	0.4848484848484851	0.014106153084401886
-1.9958424526687992	cosine	24.0	10.0	22.0	0.4848484848484851	0.014106153084401886
-0.09839981773116072	cosine	24.0	14.0	12.0	0.575757575757576	0.004583576838638997
1.254529250839288	cosine	24.0	18.0	20.0	0.4242424242424244	0.02742697317621316
-1.026572146268019	cosine	24.0	4.0	6.0	0.4848484848484851	0.014106153084401886
-1.5220603867672142	cosine	24.0	0.0	18.0	0.3939393939393941	0.037302414641954044
-0.5099097505136605	cosine	24.0	14.0	16.0	0.4848484848484851	0.014106153084401886
-0.4609915171289262	cosine	24.0	14.0	2.0	0.666666666666667	0.0012756406460599887
-0.9583588958617266	cosine	24.0	16.0	18.0	0.6363636363636367	0.001988079806063042
1.523049948835634	cosine	24.0	12.0	8.0	0.3333333333333335	0.06570102610411901
1.4097466258126845	cosine	24.0	22.0	2.0	0.666666666666667	0.0012756406460599887
0.1739655633595828	cosine	24.0	12.0	10.0	0.5151515151515154	0.00986438530634296
-0.8277097516021628	cosine	24.0	22.0	0.0	0.4848484848484851	0.014106153084401886
0.1957034236227509	cosine	24.0	0.0	22.0	0.6060606060606063	0.003044944233852819
0.9679081227598277	cosine	24.0	4.0	0.0	0.4242424242424244	0.02742697317621316
1.5985350661366007	cosine	24.0	10.0	8.0	0.2727272727272728	0.10854448149943507
-0.3410007530381718	cosine	24.0	12.0	6.0	0.3939393939393941	0.037302414641954044
-1.350962570526024	cosine	24.0	4.0	2.0	0.3333333333333335	0.06570102610411901
-0.7220838461405219	cosine	24.0	10.0	12.0	0.3939393939393941	0.037302414641954044
0.7044263956411162	cosine	24.0	18.0	22.0	0.5454545454545456	0.0067819162397311575
-0.3496424894339169	cosine	24.0	16.0	18.0	0.3333333333333335	0.06570102610411901
0.28482282263359116	cosine	24.0	16.0	0.0	0.6060606060606063	0.003044944233852819
1.7565626961246479	cosine	24.0	14.0	16.0	0.3636363636363638	0.04990853551146973
-0.853539788186109	cosine	24.0	10.0	14.0	0.2121212121212122	0.16852366968754684
0.733400864109173	cosine	24.0	12.0	20.0	0.4242424242424244	0.02742697317621316
0.1886349390124213	cosine	24.0	8.0	10.0	0.3636363636363638	0.04990853551146973
1.0566585129493256	cosine	24.0	14.0	16.0	0.5454545454545456	0.0067819162397311575
-0.704942398819821	cosine	24.0	2.0	0.0	0.3636363636363638	0.04990853551146973
0.3425344894863596	cosine	24.0	0.0	20.0	0.3939393939393941	0.037302414641954044
-0.2959237908508866	cosine	24.0	20.0	22.0	0.4848484848484851	0.014106153084401886
-0.6742236721216359	cosine	24.0	12.0	10.0	0.666666666666667	0.0012756406460599887
1.944508064699917	cosine	24.0	16.0	20.0	0.4242424242424244	0.02742697317621316
0.34722857641806726	cosine	24.0	2.0	22.0	0.3636363636363638	0.04990853551146973
-1.8669485750786283	cosine	24.0	10.0	8.0	0.6060606060606063	0.003044944233852819
-0.35258654822023666	cosine	24.0	12.0	16.0	0.3939393939393941	0.037302414641954044
0.07092523586002183	cosine	24.0	6.0	22.0	0.6060606060606063	0.003044944233852819
-0.07271043887800782	cosine	24.0	22.0	18.0	0.30303030303030315	0.08511721571435177
0.4375804845254044	cosine	24.0	18.0	14.0	0.4848484848484851	0.014106153084401886
-0.6095538165408465	cosine	24.0	20.0	14.0	0.3939393939393941	0.037302414641954044
0.7756240088727847	cosine	24.0	4.0	6.0	0.3939393939393941	0.037302414641954044
-1.793981374162912	cosine	24.0	14.0	10.0	0.575757575757576	0.004583576838638997
0.6774185672140002	cosine	24.0	0.0	22.0	0.3333333333333335	0.06570102610411901
0.7734140369021172	cosine	24.0	4.0	6.0	0.4242424242424244	0.02742697317621316
-1.2807432409767665	cosine	24.0	22.0	16.0	0.5454545454545456	0.0067819162397311575
0.6398095529794251	cosine	24.0	4.0	22.0	0.30303030303030315	0.08511721571435177
-0.7799323082228304	cosine	24.0	12.0	14.0	0.3333333333333335	0.06570102610411901
0.24657573672894859	cosine	24.0	16.0	2.0	0.4848484848484851	0.014106153084401886
0.30390744569109696	cosine	24.0	18.0	22.0	0.575757575757576	0.004583576838638997
-0.9152019565640336	cosine	24.0	18.0	16.0	0.3939393939393941	0.037302414641954044
-0.08169024621077371	cosine	24.0	6.0	2.0	0.6060606060606063	0.003044944233852819
-0.7722012808882011	cosine	24.0	2.0	4.0	0.575757575757576	0.004583576838638997
0.13599414721043449	cosine	24.0	16.0	18.0	0.575757575757576	0.004583576838638997
0.05256806063729426	cosine	24.0	14.0	10.0	0.45454545454545475	0.019834630913749846
-0.9126165791181226	cosine	24.0	6.0	4.0	0.30303030303030315	0.08511721571435177
0.6609665073866148	cosine	24.0	22.0	10.0	0.5151515151515154	0.00986438530634296
-1.9891404681498301	cosine	24.0	22.0	4.0	0.3939393939393941	0.037302414641954044
-1.2354806340314683	cosine	24.0	2.0	4.0	0.3939393939393941	0.037302414641954044
-0.4666495393154453	cosine	24.0	0.0	6.0	0.4848484848484851	0.014106153084401886
-0.2557011046918349	cosine	24.0	12.0	14.0	0.3636363636363638	0.04990853551146973
-0.6582692702705923	cosine	24.0	16.0	14.0	0.5151515151515154	0.00986438530634296
0.33262528028110316	cosine	24.0	4.0	10.0	0.6363636363636367	0.001988079806063042
-0.734740059844041	cosine	24.0	16.0	14.0	0.5151515151515154	0.00986438530634296
1.1861851898661717	cosine	24.0	14.0	16.0	0.30303030303030315	0.08511721571435177
1.0750205458206352	cosine	24.0	4.0	6.0	0.45454545454545475	0.019834630913749846
0.5859995731592103	cosine	24.0	2.0	0.0	0.575757575757576	0.004583576838638997
-1.5700956904285233	cosine	24.0	18.0	22.0	0.45454545454545475	0.019834630913749846
2.282123886313762	cosine	24.0	18.0	22.0	0.3636363636363638	0.04990853551146973
0.151500342921693	cosine	24.0	22.0	20.0	0.3636363636363638	0.04990853551146973
-1.5643709007489395	cosine	24.0	16.0	12.0	0.5454545454545456	0.0067819162397311575
-0.8221841916210255	cosine	24.0	10.0	12.0	0.30303030303030315	0.08511721571435177
0.35814861358990513	cosine	24.0	20.0	18.0	0.5151515151515154	0.00986438530634296
0.23563010887199778	cosine	24.0	2.0	4.0	0.4242424242424244	0.02742697317621316
-0.844073200714981	cosine	24.0	20.0	18.0	0.45454545454545475	0.019834630913749846
0.47327925615396016	cosine	24.0	0.0	22.0	0.5151515151515154	0.00986438530634296
-1.2789244707173932	cosine	24.0	18.0	0.0	0.4848484848484851	0.014106153084401886
-0.17725233236562193	cosine	24.0	4.0	2.0	0.3939393939393941	0.037302414641954044
0.7189225878763843	cosine	24.0	16.0	18.0	0.3333333333333335	0.06570102610411901
-0.004638732871791222	cosine	24.0	12.0	10.0	0.4848484848484851	0.014106153084401886
-0.05114294628556024	cosine	24.0	12.0	22.0	0.5454545454545456	0.0067819162397311575
1.3694169564162897	cosine	24.0	4.0	2.0	0.3636363636363638	0.04990853551146973
0.3771715176325894	cosine	24.0	22.0	20.0	0.30303030303030315	0.08511721571435177
-0.5762814514259844	cosine	24.0	4.0	6.0	0.4242424242424244	0.02742697317621316
1.364840003948793	cosine	24.0	22.0	12.0	0.3636363636363638	0.04990853551146973
-0.387200107888674	cosine	24.0	10.0	8.0	0.2727272727272728	0.10854448149943507
0.8275423655378672	cosine	24.0	0.0	2.0	0.3333333333333335	0.06570102610411901
-0.2238700511753279	cosine	24.0	16.0	10.0	0.666666666666667	0.0012756406460599887
-1.8657710500410423	cosine	24.0	0.0	22.0	0.24242424242424254	0.1362855657955242
-0.43135911979184255	cosine	24.0	10.0	12.0	0.24242424242424254	0.1362855657955242
2.694239364846266	cosine	24.0	4.0	6.0	0.5454545454545456	0.0067819162397311575
-0.3779498621056708	cosine	24.0	22.0	20.0	0.24242424242424254	0.1362855657955242
-1.695992540584125	cosine	24.0	20.0	18.0	0.3939393939393941	0.037302414641954044
1.0458717396187154	cosine	24.0	6.0	14.0	0.3636363636363638	0.04990853551146973
0.47394265453730405	cosine	24.0	4.0	10.0	0.6969696969696972	0.0008043156973336818
-0.8487933527614087	cosine	24.0	10.0	12.0	0.6060606060606063	0.003044944233852819
-0.4496210943942707	cosine	24.0	2.0	6.0	0.575757575757576	0.004583576838638997
-0.4077595694349376	cosine	24.0	12.0	10.0	0.45454545454545475	0.019834630913749846
0.06572308267883428	cosine	24.0	8.0	6.0	0.575757575757576	0.004583576838638997
2.6959559132795263	cosine	24.0	16.0	18.0	0.2121212121212122	0.16852366968754684
-0.7493340008375938	cosine	24.0	6.0	12.0	0.6060606060606063	0.003044944233852819
-0.21038379098288454	cosine	24.0	10.0	8.0	0.3939393939393941	0.037302414641954044
-0.6516431086449368	cosine	24.0	12.0	6.0	0.4242424242424244	0.02742697317621316
0.12311343252154432	cosine	24.0	8.0	6.0	0.6363636363636367	0.001988079806063042
-0.021162850610628912	cosine	24.0	14.0	22.0	0.4848484848484851	0.014106153084401886
0.560763958024665	cosine	24.0	20.0	14.0	0.3636363636363638	0.04990853551146973
-0.04701893358081633	cosine	24.0	6.0	4.0	0.4242424242424244	0.02742697317621316
-0.6625555901675769	cosine	24.0	20.0	22.0	0.1818181818181819	0.20529080418760415
0.37494698102248963	cosine	24.0	2.0	4.0	0.3636363636363638	0.04990853551146973
-0.14029024340005092	cosine	24.0	6.0	4.0	0.3333333333333335	0.06570102610411901
-0.06328767857501817	cosine	24.0	2.0	0.0	0.3939393939393941	0.037302414641954044
-0.6010431640230927	cosine	24.0	6.0	22.0	0.45454545454545475	0.019834630913749846
-1.1760588665152163	cosine	24.0	2.0	12.0	0.3636363636363638	0.04990853551146973
-0.8803464713231621	cosine	24.0	2.0	16.0	0.4242424242424244	0.02742697317621316
0.15267065222951023	cosine	24.0	6.0	4.0	0.45454545454545475	0.019834630913749846
-0.17326010637331835	cosine	24.0	16.0	14.0	0.3333333333333335	0.06570102610411901
-0.47277721888286595	cosine	24.0	8.0	10.0	0.30303030303030315	0.08511721571435177
-1.0709158955351454	cosine	24.0	8.0	10.0	0.3333333333333335	0.06570102610411901
0.7160634975491854	cosine	24.0	8.0	20.0	0.3636363636363638	0.04990853551146973
-0.6210566995518634	cosine	24.0	2.0	0.0	0.4848484848484851	0.014106153084401886
-1.061649271046719	cosine	24.0	12.0	14.0	0.45454545454545475	0.019834630913749846
-0.3926034346145289	cosine	24.0	6.0	12.0	0.575757575757576	0.004583576838638997
-1.1562748161479675	cosine	24.0	10.0	8.0	0.2727272727272728	0.10854448149943507
-1.2804144314442847	cosine	24.0	6.0	4.0	0.3636363636363638	0.04990853551146973
0.2387206803861051	cosine	24.0	12.0	0.0	0.5454545454545456	0.0067819162397311575
0.7911691768366994	cosine	24.0	8.0	16.0	0.3939393939393941	0.037302414641954044
0.5545717113666612	cosine	24.0	6.0	4.0	0.3333333333333335	0.06570102610411901
-1.1028281016935613	cosine	24.0	12.0	10.0	0.4242424242424244	0.02742697317621316
-0.824194383428906	cosine	24.0	2.0	10.0	0.3636363636363638	0.04990853551146973
1.429605526788163	cosine	24.0	8.0	6.0	0.3636363636363638	0.04990853551146973
0.13496511347058684	cosine	24.0	18.0	6.0	0.5454545454545456	0.0067819162397311575
-2.8214543577724003	cosine	24.0	8.0	6.0	0.30303030303030315	0.08511721571435177
-0.06564496209048906	cosine	24.0	6.0	4.0	0.2727272727272728	0.10854448149943507
0.7036683114504977	cosine	24.0	4.0	2.0	0.2727272727272728	0.10854448149943507
0.183618170915609	cosine	24.0	22.0	20.0	0.3939393939393941	0.037302414641954044
0.732946644202629	cosine	24.0	8.0	10.0	0.3939393939393941	0.037302414641954044
1.8000481700009447	cosine	24.0	8.0	4.0	0.3939393939393941	0.037302414641954044
-0.5887653770518588	cosine	24.0	22.0	4.0	0.4242424242424244	0.02742697317621316
-0.01605273230906261	cosine	24.0	4.0	0.0	0.4848484848484851	0.014106153084401886
0.7003674952928373	cosine	24.0	18.0	20.0	0.3939393939393941	0.037302414641954044
0.4249714389651714	cosine	24.0	16.0	12.0	0.575757575757576	0.004583576838638997
1.3076083666088856	cosine	24.0	6.0	8.0	0.45454545454545475	0.019834630913749846
-0.6548422958878669	cosine	24.0	10.0	6.0	0.3333333333333335	0.06570102610411901
-3.194465282249197	cosine	24.0	14.0	10.0	0.30303030303030315	0.08511721571435177
0.7837437808352592	cosine	24.0	14.0	10.0	0.3636363636363638	0.04990853551146973
0.07108395233443848	cosine	24.0	2.0	0.0	0.45454545454545475	0.019834630913749846
-1.2266916834970987	cosine	24.0	8.0	4.0	0.4242424242424244	0.02742697317621316
0.8727384506007828	cosine	24.0	12.0	8.0	0.4242424242424244	0.02742697317621316
0.6818166972400569	cosine	24.0	12.0	8.0	0.4242424242424244	0.02742697317621316
0.164558248419493	cosine	24.0	2.0	8.0	0.3636363636363638	0.04990853551146973
-0.34896799911872534	cosine	24.0	10.0	16.0	0.4848484848484851	0.014106153084401886
0.436088772965274	cosine	24.0	6.0	4.0	0.3636363636363638	0.04990853551146973
0.7981876869806682	cosine	24.0	10.0	20.0	0.3939393939393941	0.037302414641954044
-1.4745184928236503	cosine	24.0	16.0	14.0	0.6060606060606063	0.003044944233852819
3.150034553219776	cosine	24.0	6.0	20.0	0.666666666666667	0.0012756406460599887
-0.8893610814899116	cosine	24.0	16.0	22.0	0.3939393939393941	0.037302414641954044
-0.7275643276306629	cosine	24.0	10.0	8.0	0.5151515151515154	0.00986438530634296
-1.2024349334844582	cosine	24.0	2.0	22.0	0.3636363636363638	0.04990853551146973
0.2994014370201034	cosine	24.0	10.0	12.0	0.3636363636363638	0.04990853551146973
-0.7498330989691867	cosine	24.0	14.0	18.0	0.4242424242424244	0.02742697317621316
-0.6240792850056947	cosine	24.0	8.0	6.0	0.2121212121212122	0.16852366968754684
1.2321825447365844	cosine	24.0	20.0	18.0	0.3333333333333335	0.06570102610411901
-0.3456059587370299	cosine	24.0	16.0	8.0	0.2727272727272728	0.10854448149943507
-1.5352631625702164	cosine	24.0	0.0	22.0	0.3333333333333335	0.06570102610411901
1.1383847417263369	cosine	24.0	12.0	2.0	0.4848484848484851	0.014106153084401886
-1.1420567207442858	cosine	24.0	18.0	14.0	0.4848484848484851	0.014106153084401886
-1.4197428840931696	cosine	24.0	14.0	12.0	0.3333333333333335	0.06570102610411901
1.0532769487912936	cosine	24.0	4.0	16.0	0.6363636363636367	0.001988079806063042
-0.3047940967880727	cosine	24.0	22.0	18.0	0.666666666666667	0.0012756406460599887
-0.42702213726517524	cosine	24.0	20.0	18.0	0.5454545454545456	0.0067819162397311575
-0.1516186388201036	cosine	24.0	10.0	12.0	0.30303030303030315	0.08511721571435177
-1.4813700411409305	cosine	24.0	0.0	2.0	0.30303030303030315	0.08511721571435177
-0.17111362190601134	cosine	24.0	20.0	22.0	0.30303030303030315	0.08511721571435177
-0.12796332087620635	cosine	24.0	10.0	4.0	0.7272727272727276	0.0004983045770249599
-0.2128677245837938	cosine	24.0	16.0	14.0	0.3333333333333335	0.06570102610411901
-0.7762239403619998	cosine	24.0	8.0	10.0	0.3333333333333335	0.06570102610411901
-1.6669573297587945	cosine	24.0	6.0	8.0	0.30303030303030315	0.08511721571435177
-0.7572090726585688	cosine	24.0	10.0	6.0	0.7575757575757579	0.000303320964553055
-0.02655224671051138	cosine	24.0	12.0	14.0	0.4242424242424244	0.02742697317621316
0.3269002440810388	cosine	24.0	6.0	8.0	0.5151515151515154	0.00986438530634296
0.3006713530092538	cosine	24.0	18.0	14.0	0.3333333333333335	0.06570102610411901
0.03711205445790499	cosine	24.0	6.0	8.0	0.3333333333333335	0.06570102610411901
2.2690649504406233	cosine	24.0	12.0	4.0	0.7575757575757579	0.000303320964553055
-1.9768730054192425	cosine	24.0	6.0	2.0	0.45454545454545475	0.019834630913749846
1.6100597845170337	cosine	24.0	20.0	22.0	0.5151515151515154	0.00986438530634296
0.11547377447939003	cosine	24.0	4.0	2.0	0.3636363636363638	0.04990853551146973
1.0313141981930567	cosine	24.0	20.0	2.0	0.4242424242424244	0.02742697317621316
0.20651583639663038	cosine	24.0	12.0	10.0	0.3333333333333335	0.06570102610411901
0.20885340050545098	cosine	24.0	18.0	16.0	0.5151515151515154	0.00986438530634296
0.556029830850516	cosine	24.0	10.0	12.0	0.4242424242424244	0.02742697317621316
0.5789175854783714	cosine	24.0	0.0	2.0	0.4242424242424244	0.02742697317621316
0.4616047287994115	cosine	24.0	0.0	22.0	0.45454545454545475	0.019834630913749846
0.2500283573119116	cosine	24.0	8.0	6.0	0.666666666666667	0.0012756406460599887
-0.32107661355016914	cosine	24.0	2.0	4.0	0.2727272727272728	0.10854448149943507
1.6912448384519592	cosine	24.0	16.0	8.0	0.4848484848484851	0.014106153084401886
-0.48729855923875054	cosine	24.0	2.0	8.0	0.5454545454545456	0.0067819162397311575
-1.2259677511221279	cosine	24.0	22.0	0.0	0.45454545454545475	0.019834630913749846
-1.021627730753961	cosine	24.0	12.0	2.0	0.3333333333333335	0.06570102610411901
-0.655374089378583	cosine	24.0	12.0	22.0	0.5151515151515154	0.00986438530634296
0.5017740873717732	cosine	24.0	0.0	18.0	0.2727272727272728	0.10854448149943507
0.03161768046707083	cosine	24.0	4.0	8.0	0.30303030303030315	0.08511721571435177
0.2848591704839625	cosine	24.0	20.0	18.0	0.3636363636363638	0.04990853551146973
-0.665378706372888	cosine	24.0	10.0	14.0	0.5151515151515154	0.00986438530634296
-0.2734671677328985	cosine	24.0	12.0	18.0	0.45454545454545475	0.019834630913749846
0.22799536407333126	cosine	24.0	10.0	12.0	0.24242424242424254	0.1362855657955242
-0.3641122496670218	cosine	24.0	18.0	20.0	0.3333333333333335	0.06570102610411901
1.031038578228107	cosine	24.0	18.0	16.0	0.5454545454545456	0.0067819162397311575
-0.24933097692503114	cosine	24.0	22.0	10.0	0.6060606060606063	0.003044944233852819
-0.2988915103608103	cosine	24.0	20.0	22.0	0.4242424242424244	0.02742697317621316
-0.07125676397070804	cosine	24.0	18.0	2.0	0.45454545454545475	0.019834630913749846
-0.5988105593827407	cosine	24.0	22.0	0.0	0.6060606060606063	0.003044944233852819
-0.805170830412462	cosine	24.0	2.0	16.0	0.5151515151515154	0.00986438530634296
-1.8570032361536077	cosine	24.0	18.0	20.0	0.3333333333333335	0.06570102610411901
0.05689488329747782	cosine	24.0	8.0	22.0	0.5454545454545456	0.0067819162397311575
0.14881808176632988	cosine	24.0	4.0	10.0	0.3939393939393941	0.037302414641954044
0.3774279025249913	cosine	24.0	10.0	12.0	0.5454545454545456	0.0067819162397311575
1.0790842614066103	cosine	24.0	6.0	4.0	0.2727272727272728	0.10854448149943507
0.5236471236007554	cosine	24.0	12.0	16.0	0.575757575757576	0.004583576838638997
1.107501410023164	cosine	24.0	4.0	2.0	0.3939393939393941	0.037302414641954044
-1.5487733035723437	cosine	24.0	14.0	16.0	0.30303030303030315	0.08511721571435177
-2.0308460567927678	cosine	24.0	4.0	6.0	0.3333333333333335	0.06570102610411901
-0.3695116503275999	cosine	24.0	16.0	22.0	0.7272727272727276	0.0004983045770249599
-1.5819777232403491	cosine	24.0	20.0	22.0	0.575757575757576	0.004583576838638997
1.0812846874475524	cosine	24.0	22.0	20.0	0.3939393939393941	0.037302414641954044
2.149282994383895	cosine	24.0	14.0	2.0	0.4848484848484851	0.014106153084401886
1.3005299755883724	cosine	24.0	18.0	22.0	0.3636363636363638	0.04990853551146973
1.634436692241357	cosine	24.0	22.0	14.0	0.3333333333333335	0.06570102610411901
-0.6057147659581277	cosine	24.0	2.0	4.0	0.30303030303030315	0.08511721571435177
0.49247482318815666	cosine	24.0	2.0	22.0	0.3939393939393941	0.037302414641954044
1.3705546809264688	cosine	24.0	8.0	10.0	0.4848484848484851	0.014106153084401886
0.14238145757555304	cosine	24.0	2.0	4.0	0.5151515151515154	0.00986438530634296
0.6315959894305827	cosine	24.0	18.0	10.0	0.6363636363636367	0.001988079806063042
-0.24667764412555893	cosine	24.0	12.0	16.0	0.4242424242424244	0.02742697317621316
0.818345324852625	cosine	24.0	12.0	14.0	0.45454545454545475	0.019834630913749846
0.1524278837893215	cosine	24.0	20.0	22.0	0.45454545454545475	0.019834630913749846
0.5007885669038619	cosine	24.0	14.0	12.0	0.45454545454545475	0.019834630913749846
0.06810921866604358	cosine	24.0	8.0	12.0	0.4242424242424244	0.02742697317621316
-2.4403617663253288	cosine	24.0	6.0	2.0	0.5454545454545456	0.0067819162397311575
0.6970815172423029	cosine	24.0	12.0	10.0	0.4242424242424244	0.02742697317621316
0.2752302646821847	cosine	24.0	10.0	12.0	0.5454545454545456	0.0067819162397311575
-1.3454957350688375	cosine	24.0	22.0	20.0	0.3636363636363638	0.04990853551146973
0.48026007716303687	cosine	24.0	16.0	2.0	0.45454545454545475	0.019834630913749846
0.20626573934324216	cosine	24.0	12.0	20.0	0.575757575757576	0.004583576838638997
-0.4200323348608678	cosine	24.0	10.0	0.0	0.6060606060606063	0.003044944233852819
-0.4495424566579623	cosine	24.0	16.0	18.0	0.3636363636363638	0.04990853551146973
-1.0304910514966426	cosine	24.0	18.0	14.0	0.24242424242424254	0.1362855657955242
-0.7462962907420427	cosine	24.0	2.0	4.0	0.30303030303030315	0.08511721571435177
-0.05472788851769323	cosine	24.0	18.0	20.0	0.4242424242424244	0.02742697317621316
-0.15203805798504072	cosine	24.0	12.0	18.0	0.3333333333333335	0.06570102610411901
0.0052777488135658844	cosine	24.0	22.0	20.0	0.4242424242424244	0.02742697317621316
1.949236611269701	cosine	24.0	20.0	22.0	0.3636363636363638	0.04990853551146973
1.6015293671284159	cosine	24.0	20.0	22.0	0.4848484848484851	0.014106153084401886
1.0732842130945919	cosine	24.0	10.0	22.0	0.575757575757576	0.004583576838638997
2.177719886939795	cosine	24.0	4.0	8.0	0.3636363636363638	0.04990853551146973
0.7536716266267186	cosine	24.0	6.0	10.0	0.45454545454545475	0.019834630913749846
-0.1957069373032379	cosine	24.0	12.0	4.0	0.45454545454545475	0.019834630913749846
0.3838020390303492	cosine	24.0	20.0	6.0	0.5151515151515154	0.00986438530634296
1.0624365724764466	cosine	24.0	12.0	10.0	0.3636363636363638	0.04990853551146973
-0.186853677821249	cosine	24.0	16.0	14.0	0.3333333333333335	0.06570102610411901
-1.0889504154741985	cosine	24.0	2.0	20.0	0.5454545454545456	0.0067819162397311575
-0.30648630210638567	cosine	24.0	14.0	12.0	0.30303030303030315	0.08511721571435177
0.9051336982833665	cosine	24.0	12.0	14.0	0.4242424242424244	0.02742697317621316
0.3065877696602891	cosine	24.0	16.0	18.0	0.4848484848484851	0.014106153084401886
-1.0826254905927566	cosine	24.0	10.0	8.0	0.3939393939393941	0.037302414641954044
0.22360797671138893	cosine	24.0	6.0	8.0	0.45454545454545475	0.019834630913749846
1.511039369066845	cosine	24.0	14.0	16.0	0.30303030303030315	0.08511721571435177
0.9833252615365592	cosine	24.0	12.0	14.0	0.2727272727272728	0.10854448149943507
-0.604203242183464	cosine	24.0	14.0	16.0	0.45454545454545475	0.019834630913749846
-0.2443545908265345	cosine	24.0	10.0	8.0	0.45454545454545475	0.019834630913749846
0.44421828661759805	cosine	24.0	2.0	0.0	0.4242424242424244	0.02742697317621316
-0.9607098109637338	cosine	24.0	12.0	2.0	0.3939393939393941	0.037302414641954044
-0.8830421406699127	cosine	24.0	18.0	20.0	0.45454545454545475	0.019834630913749846
1.4341649449168254	cosine	24.0	18.0	16.0	0.3636363636363638	0.04990853551146973
0.031007077028525402	cosine	24.0	20.0	18.0	0.3939393939393941	0.037302414641954044
-0.33917989893103934	cosine	24.0	2.0	6.0	0.575757575757576	0.004583576838638997
1.6996309638365699	cosine	24.0	8.0	2.0	0.45454545454545475	0.019834630913749846
-1.6631347218557195	cosine	24.0	2.0	20.0	0.4848484848484851	0.014106153084401886
-0.25863425247221095	cosine	24.0	12.0	20.0	0.5454545454545456	0.0067819162397311575
-0.03784591845923702	cosine	24.0	4.0	20.0	0.2727272727272728	0.10854448149943507
-1.527034208010334	cosine	24.0	0.0	2.0	0.3636363636363638	0.04990853551146973
-0.342544534023957	cosine	24.0	18.0	22.0	0.4242424242424244	0.02742697317621316
-1.37992142668284	cosine	24.0	14.0	12.0	0.5151515151515154	0.00986438530634296
1.3982597186830568	cosine	24.0	12.0	16.0	0.2727272727272728	0.10854448149943507
-0.7251536259240777	cosine	24.0	20.0	2.0	0.5454545454545456	0.0067819162397311575
0.5714634779423259	cosine	24.0	6.0	8.0	0.6363636363636367	0.001988079806063042
0.0713699836588644	cosine	24.0	6.0	4.0	0.5151515151515154	0.00986438530634296
1.6452156528494457	cosine	24.0	10.0	14.0	0.5454545454545456	0.0067819162397311575
-0.30916989823372565	cosine	24.0	10.0	16.0	0.5151515151515154	0.00986438530634296
-0.497773191526525	cosine	24.0	14.0	16.0	0.3939393939393941	0.037302414641954044
-1.9021740135020897	cosine	24.0	8.0	6.0	0.30303030303030315	0.08511721571435177
-0.9656557108328118	cosine	24.0	6.0	4.0	0.6363636363636367	0.001988079806063042
-0.4450372959847872	cosine	24.0	18.0	12.0	0.3636363636363638	0.04990853551146973
-0.7843777309811327	cosine	24.0	2.0	8.0	0.575757575757576	0.004583576838638997
-0.20312585514016526	cosine	24.0	22.0	0.0	0.3939393939393941	0.037302414641954044
1.6431678626316335	cosine	24.0	6.0	10.0	0.575757575757576	0.004583576838638997
-1.2721054516460246	cosine	24.0	10.0	2.0	0.5151515151515154	0.00986438530634296
0.3980873707215824	cosine	24.0	4.0	6.0	0.5151515151515154	0.00986438530634296
-0.397723934918516	cosine	24.0	4.0	12.0	0.45454545454545475	0.019834630913749846
-1.0024494582252452	cosine	24.0	18.0	20.0	0.3939393939393941	0.037302414641954044
-1.6635736781852357	cosine	24.0	10.0	12.0	0.3333333333333335	0.06570102610411901
0.14271285134548992	cosine	24.0	6.0	12.0	0.6363636363636367	0.001988079806063042
-0.2975850460035013	cosine	24.0	22.0	10.0	0.575757575757576	0.004583576838638997
0.5016379063121527	cosine	24.0	2.0	4.0	0.5151515151515154	0.00986438530634296
-0.6484886906914848	cosine	24.0	6.0	4.0	0.4848484848484851	0.014106153084401886
-0.9314681045555822	cosine	24.0	22.0	2.0	0.45454545454545475	0.019834630913749846
0.5176208953306611	cosine	24.0	2.0	10.0	0.5454545454545456	0.0067819162397311575
0.5033955911893514	cosine	24.0	14.0	12.0	0.3636363636363638	0.04990853551146973
-0.1555979811788677	cosine	24.0	10.0	12.0	0.4848484848484851	0.014106153084401886
2.2163138751525007	cosine	24.0	4.0	18.0	0.4242424242424244	0.02742697317621316
-0.56022965545194	cosine	24.0	6.0	8.0	0.7272727272727276	0.0004983045770249599
0.6838246524960391	cosine	24.0	8.0	16.0	0.4848484848484851	0.014106153084401886
-1.4206040789258023	cosine	24.0	22.0	8.0	0.3636363636363638	0.04990853551146973
1.451620110970438	cosine	24.0	20.0	22.0	0.6060606060606063	0.003044944233852819
-0.23280908118213745	cosine	24.0	0.0	22.0	0.5454545454545456	0.0067819162397311575
-0.3428111832437235	cosine	24.0	10.0	4.0	0.4242424242424244	0.02742697317621316
2.6931628592937966	cosine	24.0	18.0	20.0	0.3939393939393941	0.037302414641954044
-0.6439981393107659	cosine	24.0	12.0	14.0	0.24242424242424254	0.1362855657955242
-0.09573660227486679	cosine	24.0	20.0	18.0	0.2727272727272728	0.10854448149943507
0.9995429591644645	cosine	24.0	4.0	6.0	0.3333333333333335	0.06570102610411901
1.1350453728531784	cosine	24.0	16.0	8.0	0.2727272727272728	0.10854448149943507
0.0625230441835171	cosine	24.0	6.0	10.0	0.30303030303030315	0.08511721571435177
0.6935067490509557	cosine	24.0	8.0	12.0	0.45454545454545475	0.019834630913749846
-0.0046457381063624995	cosine	24.0	0.0	4.0	0.24242424242424254	0.1362855657955242
-0.22418133932117504	cosine	24.0	2.0	0.0	0.30303030303030315	0.08511721571435177
0.541231603182477	cosine	24.0	18.0	20.0	0.575757575757576	0.004583576838638997
0.6003583852599823	cosine	24.0	6.0	22.0	0.3636363636363638	0.04990853551146973
-0.18046376004247427	cosine	24.0	10.0	16.0	0.5151515151515154	0.00986438530634296
-0.44094714646047506	cosine	24.0	20.0	18.0	0.2727272727272728	0.10854448149943507
0.685194992080357	cosine	24.0	16.0	10.0	0.30303030303030315	0.08511721571435177
1.0968711694737705	cosine	24.0	10.0	4.0	0.4848484848484851	0.014106153084401886
-0.6243133877958582	cosine	24.0	16.0	18.0	0.3333333333333335	0.06570102610411901
0.5599732721711473	cosine	24.0	8.0	10.0	0.3939393939393941	0.037302414641954044
-0.18571212606669404	cosine	24.0	14.0	16.0	0.5151515151515154	0.00986438530634296
-0.21037205270275913	cosine	24.0	0.0	16.0	0.2727272727272728	0.10854448149943507
0.5734532772148636	cosine	24.0	8.0	10.0	0.2727272727272728	0.10854448149943507
1.528976698476387	cosine	24.0	0.0	2.0	0.30303030303030315	0.08511721571435177
1.0030380769282337	cosine	24.0	2.0	20.0	0.6060606060606063	0.003044944233852819
0.5002553043121813	cosine	24.0	18.0	16.0	0.4848484848484851	0.014106153084401886
0.09961349509907287	cosine	24.0	20.0	4.0	0.6363636363636367	0.001988079806063042
-1.4784935666431873	cosine	24.0	22.0	2.0	0.5151515151515154	0.00986438530634296
-0.06766468436778017	cosine	24.0	10.0	8.0	0.4848484848484851	0.014106153084401886
-0.2652129758647673	cosine	24.0	20.0	18.0	0.4242424242424244	0.02742697317621316
0.8634647267369107	cosine	24.0	22.0	20.0	0.45454545454545475	0.019834630913749846
0.8373041378576678	cosine	24.0	4.0	0.0	0.575757575757576	0.004583576838638997
1.4695571417753843	cosine	24.0	6.0	4.0	0.45454545454545475	0.019834630913749846
1.3243806122513966	cosine	24.0	14.0	16.0	0.4848484848484851	0.014106153084401886
0.02447875618087285	cosine	24.0	0.0	4.0	0.4848484848484851	0.014106153084401886
-0.3502895385968495	cosine	24.0	2.0	4.0	0.3333333333333335	0.06570102610411901
-0.16497749761971287	cosine	24.0	6.0	4.0	0.45454545454545475	0.019834630913749846
-0.10199027063540751	cosine	24.0	8.0	10.0	0.30303030303030315	0.08511721571435177
1.0282405204639273	cosine	24.0	22.0	12.0	0.6969696969696972	0.0008043156973336818
-2.4545433007102675	cosine	24.0	10.0	8.0	0.575757575757576	0.004583576838638997
0.5354443727637473	cosine	24.0	2.0	8.0	0.45454545454545475	0.019834630913749846
0.017213154497030737	cosine	24.0	6.0	4.0	0.3333333333333335	0.06570102610411901
1.2796895622926199	cosine	24.0	20.0	2.0	0.3636363636363638	0.04990853551146973
0.5349790000455812	cosine	24.0	12.0	8.0	0.4242424242424244	0.02742697317621316
-0.8635103175609397	cosine	24.0	10.0	14.0	0.6363636363636367	0.001988079806063042
-0.5140192141784338	cosine	24.0	14.0	20.0	0.6060606060606063	0.003044944233852819
-1.0599215269487328	cosine	24.0	16.0	18.0	0.3636363636363638	0.04990853551146973
-0.03827173292593263	cosine	24.0	10.0	14.0	0.45454545454545475	0.019834630913749846
-0.744312353148335	cosine	24.0	4.0	6.0	0.4848484848484851	0.014106153084401886
-0.8452832026274834	cosine	24.0	2.0	6.0	0.2727272727272728	0.10854448149943507
0.10633156184620778	cosine	24.0	4.0	12.0	0.6060606060606063	0.003044944233852819
-0.3021824400940495	cosine	24.0	16.0	14.0	0.666666666666667	0.0012756406460599887
-0.11270982100916921	cosine	24.0	12.0	10.0	0.3333333333333335	0.06570102610411901
-0.18433407372601096	cosine	24.0	12.0	14.0	0.3333333333333335	0.06570102610411901
-0.3894345219378216	cosine	24.0	14.0	12.0	0.4848484848484851	0.014106153084401886
0.9984686476413162	cosine	24.0	2.0	6.0	0.3939393939393941	0.037302414641954044
-0.8074449414948442	cosine	24.0	6.0	8.0	0.4242424242424244	0.02742697317621316
-2.4284549781049445	cosine	24.0	22.0	0.0	0.3939393939393941	0.037302414641954044
-0.786990890062548	cosine	24.0	6.0	12.0	0.45454545454545475	0.019834630913749846
1.3042601530373814	cosine	24.0	6.0	4.0	0.2727272727272728	0.10854448149943507
-0.9379156308589693	cosine	24.0	16.0	18.0	0.4848484848484851	0.014106153084401886
-0.3347461423897796	cosine	24.0	2.0	0.0	0.2727272727272728	0.10854448149943507
0.9456949824373165	cosine	24.0	0.0	22.0	0.30303030303030315	0.08511721571435177
-0.5996785822703277	cosine	24.0	14.0	18.0	0.3939393939393941	0.037302414641954044
-1.009869829225341	cosine	24.0	4.0	10.0	0.575757575757576	0.004583576838638997
-1.5147916757190365	cosine	24.0	10.0	6.0	0.4242424242424244	0.02742697317621316
0.44455126339309636	cosine	24.0	16.0	18.0	0.3636363636363638	0.04990853551146973
-1.549231194188172	cosine	24.0	12.0	14.0	0.7272727272727276	0.0004983045770249599
-0.03752312484558417	cosine	24.0	16.0	10.0	0.4242424242424244	0.02742697317621316
-0.7004556783938228	cosine	24.0	10.0	8.0	0.30303030303030315	0.08511721571435177
0.5274612290635984	cosine	24.0	20.0	16.0	0.6060606060606063	0.003044944233852819
1.3341665053611922	cosine	24.0	12.0	14.0	0.45454545454545475	0.019834630913749846
-0.7676284950795558	cosine	24.0	8.0	10.0	0.1818181818181819	0.20529080418760415
0.5602660409193208	cosine	24.0	20.0	10.0	0.575757575757576	0.004583576838638997
-0.06063031959308561	cosine	24.0	16.0	14.0	0.45454545454545475	0.019834630913749846
-1.4675157467241318	cosine	24.0	14.0	16.0	0.6969696969696972	0.0008043156973336818
0.409552138978759	cosine	24.0	18.0	22.0	0.4848484848484851	0.014106153084401886
1.5592532887757617	cosine	24.0	12.0	10.0	0.6363636363636367	0.001988079806063042
0.939835395687918	cosine	24.0	14.0	22.0	0.3333333333333335	0.06570102610411901
-0.36200397228898684	cosine	24.0	8.0	12.0	0.3939393939393941	0.037302414641954044
0.5967377666234635	cosine	24.0	18.0	20.0	0.30303030303030315	0.08511721571435177
-0.35934868111218904	cosine	24.0	10.0	4.0	0.6060606060606063	0.003044944233852819
0.44247780863820974	cosine	24.0	16.0	18.0	0.30303030303030315	0.08511721571435177
-0.6595809467099043	cosine	24.0	0.0	22.0	0.30303030303030315	0.08511721571435177
-0.21549889829716315	cosine	24.0	12.0	18.0	0.5151515151515154	0.00986438530634296
-0.2237240496040433	cosine	24.0	12.0	10.0	0.6060606060606063	0.003044944233852819
-0.4319972118760304	cosine	24.0	18.0	6.0	0.5151515151515154	0.00986438530634296
-1.2584797858144474	cosine	24.0	16.0	6.0	0.5454545454545456	0.0067819162397311575
-2.848212635110837	cosine	24.0	8.0	6.0	0.3636363636363638	0.04990853551146973
-0.07104904830376144	cosine	24.0	12.0	22.0	0.5151515151515154	0.00986438530634296
-1.5078280221207037	cosine	24.0	6.0	4.0	0.3939393939393941	0.037302414641954044
0.8282010648362765	cosine	24.0	16.0	14.0	0.4848484848484851	0.014106153084401886
1.0427430990914388	cosine	24.0	8.0	10.0	0.45454545454545475	0.019834630913749846
-1.4801394290212617	cosine	24.0	0.0	2.0	0.30303030303030315	0.08511721571435177
-0.5276012628861408	cosine	24.0	10.0	16.0	0.45454545454545475	0.019834630913749846
-0.0745889508047566	cosine	24.0	18.0	16.0	0.3939393939393941	0.037302414641954044
-1.036755688627466	cosine	24.0	2.0	16.0	0.45454545454545475	0.019834630913749846
0.4890597067860854	cosine	24.0	6.0	22.0	0.575757575757576	0.004583576838638997
-0.8269648497450486	cosine	24.0	20.0	18.0	0.3636363636363638	0.04990853551146973
0.5965179639132322	cosine	24.0	16.0	18.0	0.5151515151515154	0.00986438530634296
-0.665737837352834	cosine	24.0	18.0	20.0	0.45454545454545475	0.019834630913749846
1.7024678257458574	cosine	24.0	12.0	2.0	0.4848484848484851	0.014106153084401886
-1.75609416443726	cosine	24.0	14.0	22.0	0.45454545454545475	0.019834630913749846
-0.13911241516031939	cosine	24.0	8.0	6.0	0.4848484848484851	0.014106153084401886
1.20889319753018	cosine	24.0	6.0	10.0	0.6060606060606063	0.003044944233852819
1.6825411035427869	cosine	24.0	8.0	4.0	0.3939393939393941	0.037302414641954044
-0.5204023446915407	cosine	24.0	0.0	2.0	0.3636363636363638	0.04990853551146973
0.015212147878303295	cosine	24.0	2.0	16.0	0.45454545454545475	0.019834630913749846
-1.3643595599587375	cosine	24.0	18.0	16.0	0.4242424242424244	0.02742697317621316
-0.3512256181427846	cosine	24.0	22.0	20.0	0.3939393939393941	0.037302414641954044
0.3453181873303494	cosine	24.0	8.0	10.0	0.6969696969696972	0.0008043156973336818
0.04773463940376271	cosine	24.0	8.0	6.0	0.45454545454545475	0.019834630913749846
2.1444582243214585	cosine	24.0	10.0	0.0	0.3333333333333335	0.06570102610411901
0.21060957083344584	cosine	24.0	2.0	4.0	0.575757575757576	0.004583576838638997
-0.36555990157162205	cosine	24.0	16.0	18.0	0.3333333333333335	0.06570102610411901
-0.05752950574005256	cosine	24.0	18.0	8.0	0.6363636363636367	0.001988079806063042
-1.506386508547044	cosine	24.0	20.0	22.0	0.30303030303030315	0.08511721571435177
2.199408023502833	cosine	24.0	20.0	18.0	0.3636363636363638	0.04990853551146973
1.0068227000949663	cosine	24.0	8.0	0.0	0.575757575757576	0.004583576838638997
0.9715608105899312	cosine	24.0	10.0	8.0	0.3939393939393941	0.037302414641954044
-0.9215575801440704	cosine	24.0	14.0	16.0	0.4848484848484851	0.014106153084401886
-0.5041221414028934	cosine	24.0	6.0	10.0	0.3636363636363638	0.04990853551146973
-0.2986516131994293	cosine	24.0	2.0	20.0	0.4242424242424244	0.02742697317621316
2.1890769776024777	cosine	24.0	10.0	6.0	0.3333333333333335	0.06570102610411901
1.6430529400794591	cosine	24.0	12.0	14.0	0.2727272727272728	0.10854448149943507
1.0257163273291598	cosine	24.0	12.0	10.0	0.24242424242424254	0.1362855657955242
-0.04736548417835539	cosine	24.0	18.0	4.0	0.666666666666667	0.0012756406460599887
-0.20516521133710727	cosine	24.0	20.0	8.0	0.6363636363636367	0.001988079806063042
-0.25751751437270143	cosine	24.0	12.0	10.0	0.3333333333333335	0.06570102610411901
0.6302161927378552	cosine	24.0	10.0	8.0	0.30303030303030315	0.08511721571435177
-0.3671219531203557	cosine	24.0	2.0	4.0	0.3636363636363638	0.04990853551146973
0.25702199775869056	cosine	24.0	22.0	12.0	0.7272727272727276	0.0004983045770249599
-0.01024184017081122	cosine	24.0	4.0	6.0	0.4848484848484851	0.014106153084401886
0.7083626412508909	cosine	24.0	10.0	16.0	0.4242424242424244	0.02742697317621316
-1.0738157800071997	cosine	24.0	22.0	4.0	0.575757575757576	0.004583576838638997
1.4702856923081091	cosine	24.0	0.0	2.0	0.30303030303030315	0.08511721571435177
-3.0205448479371624	cosine	24.0	8.0	6.0	0.3939393939393941	0.037302414641954044
-1.1193751626177164	cosine	24.0	8.0	6.0	0.3939393939393941	0.037302414641954044
-1.4388027765042926	cosine	24.0	20.0	0.0	0.3939393939393941	0.037302414641954044
0.4221753453698555	cosine	24.0	8.0	10.0	0.4848484848484851	0.014106153084401886
0.49898781961887334	cosine	24.0	22.0	0.0	0.2727272727272728	0.10854448149943507
-0.08742722451119912	cosine	24.0	20.0	18.0	0.575757575757576	0.004583576838638997
0.3795329751647781	cosine	24.0	10.0	8.0	0.4848484848484851	0.014106153084401886
0.9827230781064069	cosine	24.0	20.0	16.0	0.3636363636363638	0.04990853551146973
-0.8081786277286415	cosine	24.0	8.0	6.0	0.575757575757576	0.004583576838638997
0.08338745545858889	cosine	24.0	8.0	10.0	0.30303030303030315	0.08511721571435177
-0.09098275518866039	cosine	24.0	6.0	4.0	0.4242424242424244	0.02742697317621316
-0.6307889395074624	cosine	24.0	12.0	22.0	0.575757575757576	0.004583576838638997
1.7115613223157342	cosine	24.0	22.0	4.0	0.4242424242424244	0.02742697317621316
-0.7031144489404021	cosine	24.0	14.0	16.0	0.45454545454545475	0.019834630913749846
0.2691484985297041	cosine	24.0	8.0	6.0	0.3939393939393941	0.037302414641954044
-0.5792795071909594	cosine	24.0	10.0	0.0	0.6060606060606063	0.003044944233852819
-0.5279106022136433	cosine	24.0	10.0	14.0	0.2727272727272728	0.10854448149943507
-0.7651102261601967	cosine	24.0	22.0	0.0	0.3939393939393941	0.037302414641954044
0.2857825464763854	cosine	24.0	18.0	8.0	0.6969696969696972	0.0008043156973336818
0.6024547480099951	cosine	24.0	16.0	18.0	0.5151515151515154	0.00986438530634296
1.2731617124597803	cosine	24.0	14.0	10.0	0.4848484848484851	0.014106153084401886
0.30955981729410736	cosine	24.0	8.0	12.0	0.24242424242424254	0.1362855657955242
-0.83719488881917	cosine	24.0	22.0	0.0	0.3333333333333335	0.06570102610411901
-0.428316067470502	cosine	24.0	10.0	12.0	0.5454545454545456	0.0067819162397311575
1.0649056517494286	cosine	24.0	20.0	22.0	0.3333333333333335	0.06570102610411901
0.17899109951410475	cosine	24.0	14.0	10.0	0.45454545454545475	0.019834630913749846
-0.9626856346208551	cosine	24.0	18.0	0.0	0.4848484848484851	0.014106153084401886
0.1654139838125768	cosine	24.0	14.0	12.0	0.5151515151515154	0.00986438530634296
1.602138131140915	cosine	24.0	22.0	0.0	0.3939393939393941	0.037302414641954044
-1.3009396464889094	cosine	24.0	16.0	14.0	0.45454545454545475	0.019834630913749846
-1.8088343580744703	cosine	24.0	22.0	18.0	0.5151515151515154	0.00986438530634296
0.2138828449081147	cosine	24.0	10.0	12.0	0.3333333333333335	0.06570102610411901
-0.17791044918259505	cosine	24.0	20.0	22.0	0.3636363636363638	0.04990853551146973
1.6715033319351242	cosine	24.0	14.0	12.0	0.5454545454545456	0.0067819162397311575
-1.189561459132287	cosine	24.0	18.0	0.0	0.5454545454545456	0.0067819162397311575
-0.4748234435484027	cosine	24.0	6.0	4.0	0.3636363636363638	0.04990853551146973
-0.4531460805502142	cosine	24.0	18.0	20.0	0.4242424242424244	0.02742697317621316
-1.1865125972810064	cosine	24.0	6.0	8.0	0.45454545454545475	0.019834630913749846
0.5735682333306542	cosine	24.0	18.0	12.0	0.24242424242424254	0.1362855657955242
0.18451195669781215	cosine	24.0	12.0	10.0	0.30303030303030315	0.08511721571435177
0.8394883939464279	cosine	24.0	14.0	12.0	0.3636363636363638	0.04990853551146973
0.20865701037456788	cosine	24.0	14.0	16.0	0.2727272727272728	0.10854448149943507
0.6923692965501324	cosine	24.0	16.0	18.0	0.3333333333333335	0.06570102610411901
-0.2422946325125423	cosine	24.0	22.0	4.0	0.24242424242424254	0.1362855657955242
0.45801026443532994	cosine	24.0	16.0	10.0	0.5151515151515154	0.00986438530634296
2.1056967636754056	cosine	24.0	4.0	6.0	0.5151515151515154	0.00986438530634296
-0.11733682703084539	cosine	24.0	18.0	16.0	0.24242424242424254	0.1362855657955242
0.8479200574306758	cosine	24.0	8.0	10.0	0.5454545454545456	0.0067819162397311575
-0.02186506573389921	cosine	24.0	6.0	8.0	0.4848484848484851	0.014106153084401886
0.1913296053298066	cosine	24.0	10.0	8.0	0.4242424242424244	0.02742697317621316
0.6311904063620234	cosine	24.0	0.0	14.0	0.3333333333333335	0.06570102610411901
0.2188525446222131	cosine	24.0	0.0	12.0	0.4848484848484851	0.014106153084401886
-1.2475372769550497	cosine	24.0	14.0	16.0	0.4242424242424244	0.02742697317621316
0.0824013189263395	cosine	24.0	10.0	0.0	0.4848484848484851	0.014106153084401886
-0.6249992812160435	cosine	24.0	10.0	12.0	0.30303030303030315	0.08511721571435177
-0.8432500916814863	cosine	24.0	4.0	0.0	0.3939393939393941	0.037302414641954044
1.972474861859817	cosine	24.0	14.0	12.0	0.4242424242424244	0.02742697317621316
0.015938204543375467	cosine	24.0	14.0	12.0	0.3939393939393941	0.037302414641954044
1.6625194887733157	cosine	24.0	4.0	12.0	0.3636363636363638	0.04990853551146973
0.462637177147727	cosine	24.0	18.0	2.0	0.3333333333333335	0.06570102610411901
1.2971436440806374	cosine	24.0	4.0	8.0	0.45454545454545475	0.019834630913749846
-0.17426007136684504	cosine	24.0	16.0	14.0	0.5454545454545456	0.0067819162397311575
2.2685721511274015	cosine	24.0	16.0	18.0	0.5454545454545456	0.0067819162397311575
-0.39511857020706737	cosine	24.0	18.0	8.0	0.3939393939393941	0.037302414641954044
-0.8226211128822766	cosine	24.0	22.0	20.0	0.3333333333333335	0.06570102610411901
-0.5558847170291743	cosine	24.0	22.0	4.0	0.575757575757576	0.004583576838638997
1.7500060815332685	cosine	24.0	14.0	16.0	0.575757575757576	0.004583576838638997
-0.28057211988382463	cosine	24.0	4.0	6.0	0.2727272727272728	0.10854448149943507
0.8650587638699792	cosine	24.0	18.0	22.0	0.5454545454545456	0.0067819162397311575
0.260182272412317	cosine	24.0	20.0	18.0	0.5454545454545456	0.0067819162397311575
-0.37132075188268854	cosine	24.0	22.0	20.0	0.30303030303030315	0.08511721571435177
0.9008704101127241	cosine	24.0	0.0	6.0	0.666666666666667	0.0012756406460599887
-0.04139514064647738	cosine	24.0	16.0	14.0	0.30303030303030315	0.08511721571435177
0.6024054116458749	cosine	24.0	14.0	6.0	0.45454545454545475	0.019834630913749846
-0.36809024109904415	cosine	24.0	2.0	4.0	0.3636363636363638	0.04990853551146973
2.457442349968248	cosine	24.0	8.0	10.0	0.30303030303030315	0.08511721571435177
-0.2604392912121216	cosine	24.0	10.0	12.0	0.2727272727272728	0.10854448149943507
-0.6953308394793425	cosine	24.0	14.0	12.0	0.30303030303030315	0.08511721571435177
-1.1179056525776618	cosine	24.0	6.0	4.0	0.45454545454545475	0.019834630913749846
-0.488722118650331	cosine	24.0	14.0	22.0	0.24242424242424254	0.1362855657955242
1.056826415555821	cosine	24.0	4.0	2.0	0.5454545454545456	0.0067819162397311575
-0.2592839619943693	cosine	24.0	10.0	6.0	0.4848484848484851	0.014106153084401886
0.4148880714159116	cosine	24.0	8.0	6.0	0.3333333333333335	0.06570102610411901
1.844130149315906	cosine	24.0	10.0	14.0	0.4848484848484851	0.014106153084401886
-0.8807133251285463	cosine	24.0	8.0	10.0	0.3333333333333335	0.06570102610411901
-0.7105641468588075	cosine	24.0	14.0	16.0	0.3333333333333335	0.06570102610411901
0.9453020864499064	cosine	24.0	12.0	18.0	0.30303030303030315	0.08511721571435177
1.0517222069621521	cosine	24.0	18.0	20.0	0.4242424242424244	0.02742697317621316
-1.515785086651403	cosine	24.0	6.0	4.0	0.3939393939393941	0.037302414641954044
1.4074291453074832	cosine	24.0	8.0	18.0	0.5454545454545456	0.0067819162397311575
0.3224712767549629	cosine	24.0	16.0	14.0	0.3939393939393941	0.037302414641954044
-1.9319052030168198	cosine	24.0	14.0	12.0	0.4242424242424244	0.02742697317621316
-0.31738014888480454	cosine	24.0	4.0	6.0	0.7272727272727276	0.0004983045770249599
0.5769007025950228	cosine	24.0	4.0	2.0	0.7272727272727276	0.0004983045770249599
0.5227238721285019	cosine	24.0	8.0	14.0	0.4242424242424244	0.02742697317621316
0.5023534330486861	cosine	24.0	10.0	8.0	0.3333333333333335	0.06570102610411901
-0.8793339578880112	cosine	24.0	14.0	12.0	0.4242424242424244	0.02742697317621316
0.20140460569007332	cosine	24.0	2.0	4.0	0.5151515151515154	0.00986438530634296
-0.6446223255597514	cosine	24.0	12.0	14.0	0.4242424242424244	0.02742697317621316
-0.12317931816936399	cosine	24.0	4.0	2.0	0.4848484848484851	0.014106153084401886
0.9629579417294242	cosine	24.0	10.0	12.0	0.4242424242424244	0.02742697317621316
-2.6111519962002205	cosine	24.0	6.0	4.0	0.5454545454545456	0.0067819162397311575
-0.0058618957703158005	cosine	24.0	10.0	12.0	0.3939393939393941	0.037302414641954044
1.6107712096294333	cosine	24.0	12.0	14.0	0.5151515151515154	0.00986438530634296
0.8847072201846312	cosine	24.0	18.0	22.0	0.4242424242424244	0.02742697317621316
0.8504364836542183	cosine	24.0	8.0	12.0	0.24242424242424254	0.1362855657955242
0.18709061323237933	cosine	24.0	0.0	20.0	0.575757575757576	0.004583576838638997
-0.6040607298597696	cosine	24.0	12.0	4.0	0.4242424242424244	0.02742697317621316
-1.4811680845016537	cosine	24.0	14.0	22.0	0.5151515151515154	0.00986438530634296
-1.9631946496197008	cosine	24.0	2.0	20.0	0.5151515151515154	0.00986438530634296
-1.5151375589715297	cosine	24.0	12.0	14.0	0.30303030303030315	0.08511721571435177
-0.5559597755402838	cosine	24.0	4.0	22.0	0.575757575757576	0.004583576838638997
1.4221492470294919	cosine	24.0	10.0	0.0	0.4242424242424244	0.02742697317621316
0.10123214954672663	cosine	24.0	14.0	16.0	0.3939393939393941	0.037302414641954044
1.090440083388748	cosine	24.0	8.0	16.0	0.5454545454545456	0.0067819162397311575
-0.296903107894682	cosine	24.0	22.0	6.0	0.45454545454545475	0.019834630913749846
-0.28591963519159763	cosine	24.0	22.0	2.0	0.6060606060606063	0.003044944233852819
-0.5802454649361204	cosine	24.0	20.0	22.0	0.3939393939393941	0.037302414641954044
0.49322089416359693	cosine	24.0	20.0	18.0	0.3333333333333335	0.06570102610411901
-0.479586956463403	cosine	24.0	10.0	8.0	0.4242424242424244	0.02742697317621316
0.22932245945066682	cosine	24.0	16.0	0.0	0.7272727272727276	0.0004983045770249599
-0.7116098997587278	cosine	24.0	10.0	12.0	0.30303030303030315	0.08511721571435177
0.09797820191694621	cosine	24.0	22.0	10.0	0.3636363636363638	0.04990853551146973
-0.05070818805173798	cosine	24.0	20.0	16.0	0.3333333333333335	0.06570102610411901
0.5316545488827091	cosine	24.0	22.0	2.0	0.4242424242424244	0.02742697317621316
-2.5049136315474256	cosine	24.0	18.0	12.0	0.4848484848484851	0.014106153084401886
0.42105573616406006	cosine	24.0	4.0	2.0	0.3333333333333335	0.06570102610411901
0.2879850011835948	cosine	24.0	6.0	10.0	0.24242424242424254	0.1362855657955242
0.41701957277121166	cosine	24.0	6.0	10.0	0.3939393939393941	0.037302414641954044
-0.4436047249206232	cosine	24.0	4.0	6.0	0.3636363636363638	0.04990853551146973
-1.1374014314130632	cosine	24.0	8.0	16.0	0.3939393939393941	0.037302414641954044
-1.2247008441561422	cosine	24.0	12.0	14.0	0.4848484848484851	0.014106153084401886
-0.4238179444245256	cosine	24.0	22.0	0.0	0.3333333333333335	0.06570102610411901
-1.9766440649161172	cosine	24.0	20.0	12.0	0.45454545454545475	0.019834630913749846
0.35751565323230144	cosine	24.0	0.0	2.0	0.5454545454545456	0.0067819162397311575
-0.8785032490620787	cosine	24.0	20.0	22.0	0.575757575757576	0.004583576838638997
0.9720638946474994	cosine	24.0	22.0	20.0	0.45454545454545475	0.019834630913749846
-0.3851887240628359	cosine	24.0	2.0	20.0	0.575757575757576	0.004583576838638997
1.1865051227965167	cosine	24.0	22.0	20.0	0.4242424242424244	0.02742697317621316
-1.3293163390889502	cosine	24.0	10.0	6.0	0.4848484848484851	0.014106153084401886
-0.7651788066418829	cosine	24.0	16.0	14.0	0.4848484848484851	0.014106153084401886
-1.440090535684144	cosine	24.0	20.0	22.0	0.4242424242424244	0.02742697317621316
-0.3690073284343615	cosine	24.0	22.0	0.0	0.5454545454545456	0.0067819162397311575
0.49385858692536766	cosine	24.0	4.0	6.0	0.4848484848484851	0.014106153084401886
0.35333932228997567	cosine	24.0	4.0	2.0	0.3939393939393941	0.037302414641954044
0.158181203855868	cosine	24.0	4.0	6.0	0.4242424242424244	0.02742697317621316
0.13690955826530407	cosine	24.0	18.0	22.0	0.5454545454545456	0.0067819162397311575
-0.641142098550379	cosine	24.0	10.0	12.0	0.5454545454545456	0.0067819162397311575
-1.0851649499812273	cosine	24.0	2.0	18.0	0.5454545454545456	0.0067819162397311575
1.118811436033011	cosine	24.0	22.0	20.0	0.6060606060606063	0.003044944233852819
1.777157875028516	cosine	24.0	4.0	0.0	0.4848484848484851	0.014106153084401886
-0.5009462741849671	cosine	24.0	14.0	16.0	0.6363636363636367	0.001988079806063042
-0.11930318674195925	cosine	24.0	10.0	8.0	0.3333333333333335	0.06570102610411901
-0.8280754324434711	cosine	24.0	8.0	6.0	0.4848484848484851	0.014106153084401886
0.5948482445403237	cosine	24.0	14.0	10.0	0.45454545454545475	0.019834630913749846
-0.4401445354479483	cosine	24.0	8.0	10.0	0.30303030303030315	0.08511721571435177
-1.1278664463808403	cosine	24.0	18.0	12.0	0.2727272727272728	0.10854448149943507
0.4199303823314067	cosine	24.0	20.0	16.0	0.5151515151515154	0.00986438530634296
-0.07945954532194249	cosine	24.0	14.0	4.0	0.3939393939393941	0.037302414641954044
-0.7526354458332785	cosine	24.0	22.0	18.0	0.4848484848484851	0.014106153084401886
-1.3751174028547624	cosine	24.0	22.0	0.0	0.5151515151515154	0.00986438530634296
1.702349674925609	cosine	24.0	0.0	22.0	0.5151515151515154	0.00986438530634296
-1.0447181362778295	cosine	24.0	0.0	18.0	0.4848484848484851	0.014106153084401886
-0.14271242500403003	cosine	24.0	18.0	22.0	0.3333333333333335	0.06570102610411901
1.4230031089750743	cosine	24.0	6.0	8.0	0.3636363636363638	0.04990853551146973
-1.6027201335044114	cosine	24.0	4.0	2.0	0.4848484848484851	0.014106153084401886
0.3661558059731359	cosine	24.0	2.0	0.0	0.5151515151515154	0.00986438530634296
0.72831581694085	cosine	24.0	18.0	16.0	0.4242424242424244	0.02742697317621316
-1.6631886234487903	cosine	24.0	8.0	10.0	0.24242424242424254	0.1362855657955242
2.075381803725643	cosine	24.0	12.0	10.0	0.24242424242424254	0.1362855657955242
1.2650385333915817	cosine	24.0	2.0	4.0	0.6363636363636367	0.001988079806063042
1.2141850858339966	cosine	24.0	6.0	2.0	0.45454545454545475	0.019834630913749846
0.7432804386673435	cosine	24.0	8.0	6.0	0.6060606060606063	0.003044944233852819
-0.039906844803117694	cosine	24.0	14.0	10.0	0.5454545454545456	0.0067819162397311575
0.6386368299328884	cosine	24.0	2.0	8.0	0.45454545454545475	0.019834630913749846
0.848765038088655	cosine	24.0	8.0	12.0	0.45454545454545475	0.019834630913749846
-2.7437073159534893	cosine	24.0	14.0	16.0	0.7878787878787882	0.0001813930547667903
1.0248756776325099	cosine	24.0	2.0	14.0	0.4848484848484851	0.014106153084401886
-1.4152386577652907	cosine	24.0	18.0	14.0	0.6363636363636367	0.001988079806063042
-0.5702770777402651	cosine	24.0	8.0	4.0	0.45454545454545475	0.019834630913749846
-0.1590820666040452	cosine	24.0	18.0	14.0	0.24242424242424254	0.1362855657955242
0.09201903237501904	cosine	24.0	6.0	2.0	0.2727272727272728	0.10854448149943507
