ID	Waveform	Period	Phase	Nadir	Tau	P
-1.2968342069782621	cosine	24.0	4.0	6.0	0.30303030303030315	0.08511721571435177
-0.08078693296426058	cosine	24.0	14.0	12.0	0.3333333333333335	0.06570102610411901
1.3348285186097126	cosine	24.0	18.0	12.0	0.5151515151515154	0.00986438530634296
0.5945321715730445	cosine	24.0	10.0	16.0	0.575757575757576	0.004583576838638997
0.1841666628478068	cosine	24.0	18.0	6.0	0.3939393939393941	0.037302414641954044
0.43933790841090326	cosine	24.0	2.0	0.0	0.4242424242424244	0.02742697317621316
0.12258882340930374	cosine	24.0	0.0	4.0	0.6060606060606063	0.003044944233852819
-0.16694182510007063	cosine	24.0	0.0	22.0	0.575757575757576	0.004583576838638997
1.8988374790839968	cosine	24.0	22.0	6.0	0.8484848484848488	6.150147255049047e-05
-0.02446096836889801	cosine	24.0	6.0	12.0	0.5151515151515154	0.00986438530634296
0.43280837709463893	cosine	24.0	18.0	20.0	0.3333333333333335	0.06570102610411901
0.8215195178706085	cosine	24.0	4.0	14.0	0.5454545454545456	0.0067819162397311575
0.050065691286571394	cosine	24.0	10.0	12.0	0.3636363636363638	0.04990853551146973
-1.962017581050352	cosine	24.0	4.0	8.0	0.3333333333333335	0.06570102610411901
0.04811592374943877	cosine	24.0	22.0	0.0	0.2727272727272728	0.10854448149943507
-0.2780459341356637	cosine	24.0	0.0	4.0	0.6060606060606063	0.003044944233852819
0.1670865817528974	cosine	24.0	10.0	8.0	0.5151515151515154	0.00986438530634296
0.9272800756157149	cosine	24.0	18.0	4.0	0.575757575757576	0.004583576838638997
0.22645607513628851	cosine	24.0	16.0	14.0	0.3333333333333335	0.06570102610411901
-1.0574035037165206	cosine	24.0	12.0	20.0	0.6363636363636367	0.001988079806063042
-1.8399835952403	cosine	24.0	10.0	14.0	0.3636363636363638	0.04990853551146973
-0.4732289792636879	cosine	24.0	14.0	12.0	0.2727272727272728	0.10854448149943507
-0.14550702619398453	cosine	24.0	12.0	14.0	0.3333333333333335	0.06570102610411901
0.44034952887118956	cosine	24.0	20.0	22.0	0.4242424242424244	0.02742697317621316
0.7393618391356643	cosine	24.0	20.0	22.0	0.3636363636363638	0.04990853551146973
0.6005173666582597	cosine	24.0	12.0	14.0	0.45454545454545475	0.019834630913749846
-1.811070342557835	cosine	24.0	6.0	4.0	0.3333333333333335	0.06570102610411901
1.5642256676190893	cosine	24.0	18.0	8.0	0.6363636363636367	0.001988079806063042
-0.6665823821917487	cosine	24.0	20.0	22.0	0.30303030303030315	0.08511721571435177
1.8704911698622337	cosine	24.0	22.0	18.0	0.5454545454545456	0.0067819162397311575
-0.22910084784265633	cosine	24.0	4.0	6.0	0.2727272727272728	0.10854448149943507
-1.4845760174612337	cosine	24.0	14.0	16.0	0.2727272727272728	0.10854448149943507
0.7782706881445606	cosine	24.0	2.0	4.0	0.45454545454545475	0.019834630913749846
0.47884206093470244	cosine	24.0	10.0	20.0	0.4242424242424244	0.02742697317621316
1.8022017124789405	cosine	24.0	6.0	10.0	0.5151515151515154	0.00986438530634296
0.7487420490119726	cosine	24.0	2.0	8.0	0.4848484848484851	0.014106153084401886
0.7075284287651635	cosine	24.0	12.0	18.0	0.4242424242424244	0.02742697317621316
-0.1947144069327029	cosine	24.0	20.0	22.0	0.4242424242424244	0.02742697317621316
0.2754530979740895	cosine	24.0	18.0	16.0	0.5151515151515154	0.00986438530634296
0.7164126649069474	cosine	24.0	18.0	14.0	0.3939393939393941	0.037302414641954044
0.2056480510468407	cosine	24.0	22.0	20.0	0.3333333333333335	0.06570102610411901
0.618386499155747	cosine	24.0	2.0	22.0	0.6363636363636367	0.001988079806063042
-0.20943978438961514	cosine	24.0	16.0	14.0	0.4242424242424244	0.02742697317621316
-0.077435074052215	cosine	24.0	22.0	12.0	0.4242424242424244	0.02742697317621316
-0.8825146520641323	cosine	24.0	0.0	10.0	0.5151515151515154	0.00986438530634296
-0.9154239405751528	cosine	24.0	14.0	6.0	0.666666666666667	0.0012756406460599887
-1.069290729843563	cosine	24.0	14.0	10.0	0.4242424242424244	0.02742697317621316
-0.379950116159276	cosine	24.0	12.0	8.0	0.5454545454545456	0.0067819162397311575
-1.064784433777182	cosine	24.0	6.0	2.0	0.3636363636363638	0.04990853551146973
-0.029794932344481266	cosine	24.0	14.0	16.0	0.5151515151515154	0.00986438530634296
0.029103850015577522	cosine	24.0	14.0	12.0	0.45454545454545475	0.019834630913749846
0.225512196094145	cosine	24.0	4.0	10.0	0.30303030303030315	0.08511721571435177
0.9542938055664131	cosine	24.0	4.0	10.0	0.666666666666667	0.0012756406460599887
-0.6095855840286143	cosine	24.0	6.0	0.0	0.4848484848484851	0.014106153084401886
-0.46974863923991667	cosine	24.0	14.0	16.0	0.6060606060606063	0.003044944233852819
-0.029776803440748956	cosine	24.0	16.0	18.0	0.4242424242424244	0.02742697317621316
1.5966657215415	cosine	24.0	18.0	20.0	0.3333333333333335	0.06570102610411901
1.5876546548677082	cosine	24.0	18.0	16.0	0.4242424242424244	0.02742697317621316
0.7045794421994467	cosine	24.0	16.0	14.0	0.3939393939393941	0.037302414641954044
0.4205138738526068	cosine	24.0	6.0	8.0	0.45454545454545475	0.019834630913749846
-0.5751888125101511	cosine	24.0	10.0	12.0	0.4848484848484851	0.014106153084401886
1.4048585952326744	cosine	24.0	10.0	8.0	0.2121212121212122	0.16852366968754684
-1.25775464002718	cosine	24.0	6.0	0.0	0.2727272727272728	0.10854448149943507
1.3466842320903822	cosine	24.0	6.0	2.0	0.4242424242424244	0.02742697317621316
0.684510880411489	cosine	24.0	12.0	10.0	0.3636363636363638	0.04990853551146973
0.3153627212066494	cosine	24.0	22.0	18.0	0.45454545454545475	0.019834630913749846
0.3364339914843247	cosine	24.0	6.0	4.0	0.4848484848484851	0.014106153084401886
-0.6939364393908505	cosine	24.0	14.0	10.0	0.45454545454545475	0.019834630913749846
1.3349293526669812	cosine	24.0	18.0	16.0	0.3636363636363638	0.04990853551146973
-0.9174217034443974	cosine	24.0	6.0	10.0	0.3636363636363638	0.04990853551146973
-0.06756864024905082	cosine	24.0	2.0	0.0	0.4242424242424244	0.02742697317621316
-0.6653818596678621	cosine	24.0	10.0	14.0	0.3939393939393941	0.037302414641954044
-0.388814634325423	cosine	24.0	22.0	20.0	0.3636363636363638	0.04990853551146973
0.850875742473583	cosine	24.0	12.0	14.0	0.24242424242424254	0.1362855657955242
0.7046214489813258	cosine	24.0	10.0	20.0	0.4242424242424244	0.02742697317621316
0.007719631423803089	cosine	24.0	18.0	4.0	0.4242424242424244	0.02742697317621316
-0.11860976915289288	cosine	24.0	22.0	8.0	0.4242424242424244	0.02742697317621316
0.4899579694659996	cosine	24.0	14.0	12.0	0.30303030303030315	0.08511721571435177
-0.23407288004961813	cosine	24.0	10.0	12.0	0.3333333333333335	0.06570102610411901
-0.8445304363575324	cosine	24.0	22.0	20.0	0.3939393939393941	0.037302414641954044
-0.12245980540308699	cosine	24.0	8.0	6.0	0.4242424242424244	0.02742697317621316
1.2435286894323767	cosine	24.0	10.0	6.0	0.3939393939393941	0.037302414641954044
1.2026067075235394	cosine	24.0	8.0	6.0	0.575757575757576	0.004583576838638997
-0.14049743449793578	cosine	24.0	8.0	12.0	0.4242424242424244	0.02742697317621316
0.6674792309456622	cosine	24.0	22.0	0.0	0.4242424242424244	0.02742697317621316
0.33813751193586083	cosine	24.0	6.0	8.0	0.5454545454545456	0.0067819162397311575
-2.029943239218511	cosine	24.0	18.0	16.0	0.45454545454545475	0.019834630913749846
-2.553218447813555	cosine	24.0	14.0	16.0	0.4848484848484851	0.014106153084401886
-1.460453651129399	cosine	24.0	6.0	12.0	0.45454545454545475	0.019834630913749846
-1.492072403313216	cosine	24.0	22.0	4.0	0.575757575757576	0.004583576838638997
-0.507714000347451	cosine	24.0	18.0	22.0	0.3939393939393941	0.037302414641954044
0.13566560746947476	cosine	24.0	14.0	2.0	0.6969696969696972	0.0008043156973336818
-0.06410661334648222	cosine	24.0	22.0	0.0	0.3333333333333335	0.06570102610411901
-0.5696583987432905	cosine	24.0	16.0	8.0	0.30303030303030315	0.08511721571435177
1.0125248462370704	cosine	24.0	18.0	16.0	0.5151515151515154	0.00986438530634296
0.28693541626876873	cosine	24.0	4.0	8.0	0.7272727272727276	0.0004983045770249599
0.8201016376772672	cosine	24.0	2.0	0.0	0.3939393939393941	0.037302414641954044
-1.115674244230169	cosine	24.0	4.0	2.0	0.3636363636363638	0.04990853551146973
-0.11995010661172795	cosine	24.0	18.0	12.0	0.3939393939393941	0.037302414641954044
-0.001225865155350798	cosine	24.0	4.0	6.0	0.3333333333333335	0.06570102610411901
0.49422488763010725	cosine	24.0	0.0	2.0	0.45454545454545475	0.019834630913749846
0.7275426662507599	cosine	24.0	18.0	6.0	0.5151515151515154	0.00986438530634296
-0.33978275667612984	cosine	24.0	6.0	4.0	0.45454545454545475	0.019834630913749846
-0.5519892336504637	cosine	24.0	14.0	18.0	0.3939393939393941	0.037302414641954044
-0.11170550495892503	cosine	24.0	20.0	14.0	0.45454545454545475	0.019834630913749846
0.9461767666524158	cosine	24.0	8.0	4.0	0.24242424242424254	0.1362855657955242
0.15333779333107384	cosine	24.0	12.0	14.0	0.3939393939393941	0.037302414641954044
1.291131440280019	cosine	24.0	4.0	2.0	0.3939393939393941	0.037302414641954044
-1.0579642644938072	cosine	24.0	18.0	0.0	0.5454545454545456	0.0067819162397311575
-0.10318864877081586	cosine	24.0	14.0	12.0	0.4242424242424244	0.02742697317621316
-0.9117839485197506	cosine	24.0	6.0	10.0	0.575757575757576	0.004583576838638997
0.7775122842310642	cosine	24.0	14.0	18.0	0.575757575757576	0.004583576838638997
0.5874633895005235	cosine	24.0	12.0	8.0	0.3636363636363638	0.04990853551146973
0.02569485916711395	cosine	24.0	20.0	2.0	0.5151515151515154	0.00986438530634296
0.8706898984475208	cosine	24.0	16.0	4.0	0.2727272727272728	0.10854448149943507
0.4167676624266016	cosine	24.0	6.0	4.0	0.4848484848484851	0.014106153084401886
-1.1379271984524282	cosine	24.0	18.0	16.0	0.4848484848484851	0.014106153084401886
0.21136354622320366	cosine	24.0	22.0	0.0	0.3939393939393941	0.037302414641954044
-1.0086114805024056	cosine	24.0	0.0	22.0	0.4848484848484851	0.014106153084401886
-0.42450090158276643	cosine	24.0	14.0	12.0	0.5151515151515154	0.00986438530634296
-1.6893454013129925	cosine	24.0	2.0	0.0	0.45454545454545475	0.019834630913749846
-1.265590126468077	cosine	24.0	4.0	10.0	0.2727272727272728	0.10854448149943507
0.8189309265875941	cosine	24.0	4.0	6.0	0.2727272727272728	0.10854448149943507
0.1505827525516321	cosine	24.0	0.0	2.0	0.4242424242424244	0.02742697317621316
-0.5982743313898762	cosine	24.0	22.0	6.0	0.45454545454545475	0.019834630913749846
0.37076954008475477	cosine	24.0	6.0	8.0	0.3636363636363638	0.04990853551146973
-0.55646724466261	cosine	24.0	0.0	2.0	0.4848484848484851	0.014106153084401886
1.8384152846196504	cosine	24.0	20.0	16.0	0.4242424242424244	0.02742697317621316
0.1306503449663405	cosine	24.0	10.0	12.0	0.3636363636363638	0.04990853551146973
-2.3978251069564247	cosine	24.0	6.0	4.0	0.4242424242424244	0.02742697317621316
0.22152907784393128	cosine	24.0	2.0	8.0	0.4848484848484851	0.014106153084401886
0.8049311060129649	cosine	24.0	20.0	22.0	0.5454545454545456	0.0067819162397311575
-0.9689010998548283	cosine	24.0	10.0	12.0	0.6969696969696972	0.0008043156973336818
-0.7820164147388045	cosine	24.0	20.0	22.0	0.24242424242424254	0.1362855657955242
0.020842116478447362	cosine	24.0	14.0	16.0	0.45454545454545475	0.019834630913749846
-1.2037354403371328	cosine	24.0	4.0	22.0	0.4848484848484851	0.014106153084401886
1.3983800358006933	cosine	24.0	22.0	20.0	0.3939393939393941	0.037302414641954044
-1.1352314833426234	cosine	24.0	4.0	6.0	0.575757575757576	0.004583576838638997
0.14218700944560755	cosine	24.0	10.0	12.0	0.3939393939393941	0.037302414641954044
-0.39705535203233927	cosine	24.0	18.0	22.0	0.3333333333333335	0.06570102610411901
-2.4820234464095288	cosine	24.0	10.0	12.0	0.24242424242424254	0.1362855657955242
-0.4590983929979598	cosine	24.0	6.0	10.0	0.5454545454545456	0.0067819162397311575
1.618281393494503	cosine	24.0	0.0	2.0	0.3939393939393941	0.037302414641954044
0.14040153588626902	cosine	24.0	12.0	14.0	0.3939393939393941	0.037302414641954044
1.0604246552653522	cosine	24.0	18.0	20.0	0.2727272727272728	0.10854448149943507
-0.7349476668309545	cosine	24.0	14.0	12.0	0.30303030303030315	0.08511721571435177
1.7369470418537998	cosine	24.0	16.0	12.0	0.5454545454545456	0.0067819162397311575
1.2358541455251661	cosine	24.0	8.0	14.0	0.3333333333333335	0.06570102610411901
0.8553438778957851	cosine	24.0	6.0	8.0	0.7878787878787882	0.0001813930547667903
-0.7750096411052394	cosine	24.0	18.0	20.0	0.5454545454545456	0.0067819162397311575
1.3974338878394317	cosine	24.0	16.0	4.0	0.3333333333333335	0.06570102610411901
1.592969316346128	cosine	24.0	4.0	6.0	0.4848484848484851	0.014106153084401886
1.6579095640124266	cosine	24.0	16.0	20.0	0.666666666666667	0.0012756406460599887
-1.3087805217752644	cosine	24.0	12.0	18.0	0.4242424242424244	0.02742697317621316
-0.577638256101116	cosine	24.0	22.0	10.0	0.4242424242424244	0.02742697317621316
-0.6863890627550152	cosine	24.0	4.0	2.0	0.3939393939393941	0.037302414641954044
-0.3101815064549857	cosine	24.0	12.0	8.0	0.3333333333333335	0.06570102610411901
-0.12545702119655383	cosine	24.0	22.0	10.0	0.45454545454545475	0.019834630913749846
-1.710841594605215	cosine	24.0	8.0	16.0	0.5151515151515154	0.00986438530634296
1.093047129394603	cosine	24.0	10.0	8.0	0.4242424242424244	0.02742697317621316
0.5969835555642605	cosine	24.0	4.0	2.0	0.2727272727272728	0.10854448149943507
-0.7915806475174487	cosine	24.0	6.0	4.0	0.3333333333333335	0.06570102610411901
2.649111363768457	cosine	24.0	14.0	12.0	0.5454545454545456	0.0067819162397311575
-2.6516604113108198	cosine	24.0	14.0	16.0	0.3636363636363638	0.04990853551146973
-0.25342646367739324	cosine	24.0	10.0	14.0	0.3636363636363638	0.04990853551146973
-2.0156428034550893	cosine	24.0	14.0	16.0	0.24242424242424254	0.1362855657955242
-0.1897738549284909	cosine	24.0	10.0	8.0	0.3333333333333335	0.06570102610411901
-0.06014359301239425	cosine	24.0	6.0	4.0	0.3333333333333335	0.06570102610411901
-0.08145269418411014	cosine	24.0	2.0	22.0	0.6969696969696972	0.0008043156973336818
-0.40563443709586655	cosine	24.0	8.0	18.0	0.575757575757576	0.004583576838638997
-0.6633754910348311	cosine	24.0	18.0	2.0	0.3636363636363638	0.04990853551146973
-0.04677679759772283	cosine	24.0	14.0	18.0	0.3939393939393941	0.037302414641954044
-0.55437579524942	cosine	24.0	14.0	12.0	0.30303030303030315	0.08511721571435177
-0.23168081972004628	cosine	24.0	22.0	0.0	0.30303030303030315	0.08511721571435177
1.4189532129430178	cosine	24.0	18.0	16.0	0.666666666666667	0.0012756406460599887
0.5335169565011391	cosine	24.0	4.0	6.0	0.3333333333333335	0.06570102610411901
1.9210409486447464	cosine	24.0	8.0	14.0	0.575757575757576	0.004583576838638997
-0.25351619982358664	cosine	24.0	4.0	0.0	0.3333333333333335	0.06570102610411901
-0.958156156808061	cosine	24.0	18.0	22.0	0.4848484848484851	0.014106153084401886
0.8934723289997105	cosine	24.0	6.0	8.0	0.6969696969696972	0.0008043156973336818
-2.165757479885901	cosine	24.0	6.0	4.0	0.4242424242424244	0.02742697317621316
1.3814641572363622	cosine	24.0	22.0	10.0	0.3939393939393941	0.037302414641954044
-1.4136283779442003	cosine	24.0	2.0	16.0	0.4242424242424244	0.02742697317621316
-0.43661416589862717	cosine	24.0	10.0	8.0	0.3333333333333335	0.06570102610411901
1.497765573055196	cosine	24.0	16.0	6.0	0.45454545454545475	0.019834630913749846
-0.4180934067803469	cosine	24.0	2.0	0.0	0.3939393939393941	0.037302414641954044
0.9288188555086351	cosine	24.0	18.0	16.0	0.575757575757576	0.004583576838638997
-0.4127756138566347	cosine	24.0	14.0	22.0	0.5454545454545456	0.0067819162397311575
-1.588080109223684	cosine	24.0	4.0	12.0	0.575757575757576	0.004583576838638997
-0.7360595677489707	cosine	24.0	10.0	16.0	0.5454545454545456	0.0067819162397311575
0.5180961506175725	cosine	24.0	12.0	14.0	0.6060606060606063	0.003044944233852819
-0.6545971708522331	cosine	24.0	22.0	10.0	0.3939393939393941	0.037302414641954044
-0.3671777864964857	cosine	24.0	22.0	20.0	0.30303030303030315	0.08511721571435177
-0.11749828951589408	cosine	24.0	16.0	18.0	0.5151515151515154	0.00986438530634296
0.17004279252770801	cosine	24.0	12.0	16.0	0.6060606060606063	0.003044944233852819
0.9705901795453614	cosine	24.0	14.0	12.0	0.3333333333333335	0.06570102610411901
-0.21264065111397099	cosine	24.0	20.0	22.0	0.4242424242424244	0.02742697317621316
-1.5536962382238115	cosine	24.0	6.0	4.0	0.45454545454545475	0.019834630913749846
1.3032558740028994	cosine	24.0	18.0	20.0	0.3939393939393941	0.037302414641954044
0.4088597653407368	cosine	24.0	22.0	18.0	0.666666666666667	0.0012756406460599887
0.5945567261715539	cosine	24.0	12.0	14.0	0.3636363636363638	0.04990853551146973
-0.4658544556543868	cosine	24.0	20.0	22.0	0.3939393939393941	0.037302414641954044
-2.3380000307751527	cosine	24.0	18.0	20.0	0.5454545454545456	0.0067819162397311575
0.32649756419638504	cosine	24.0	6.0	4.0	0.666666666666667	0.0012756406460599887
0.4406879358956052	cosine	24.0	12.0	10.0	0.3333333333333335	0.06570102610411901
2.044318848054532	cosine	24.0	22.0	20.0	0.45454545454545475	0.019834630913749846
0.5366580478924168	cosine	24.0	22.0	0.0	0.24242424242424254	0.1362855657955242
-0.915940577199426	cosine	24.0	10.0	12.0	0.3333333333333335	0.06570102610411901
-0.4215760534284083	cosine	24.0	8.0	22.0	0.5454545454545456	0.0067819162397311575
-1.705634816963622	cosine	24.0	0.0	2.0	0.575757575757576	0.004583576838638997
0.6091689627318845	cosine	24.0	2.0	0.0	0.4242424242424244	0.02742697317621316
-0.21646053607694637	cosine	24.0	14.0	10.0	0.3636363636363638	0.04990853551146973
-0.12270828274672249	cosine	24.0	4.0	6.0	0.3939393939393941	0.037302414641954044
1.1081918564903201	cosine	24.0	2.0	4.0	0.7575757575757579	0.000303320964553055
-0.9873546890981866	cosine	24.0	6.0	8.0	0.4242424242424244	0.02742697317621316
0.8964623487660311	cosine	24.0	20.0	16.0	0.4848484848484851	0.014106153084401886
-1.071133907670231	cosine	24.0	14.0	12.0	0.24242424242424254	0.1362855657955242
-0.09913567643151469	cosine	24.0	8.0	10.0	0.4242424242424244	0.02742697317621316
-0.3042975428529529	cosine	24.0	16.0	14.0	0.575757575757576	0.004583576838638997
-1.496225749586047	cosine	24.0	12.0	0.0	0.575757575757576	0.004583576838638997
0.12720554675743892	cosine	24.0	6.0	8.0	0.3333333333333335	0.06570102610411901
0.10888363731263535	cosine	24.0	12.0	10.0	0.5454545454545456	0.0067819162397311575
-0.06522593085261909	cosine	24.0	4.0	6.0	0.575757575757576	0.004583576838638997
1.4134820317493377	cosine	24.0	16.0	14.0	0.3333333333333335	0.06570102610411901
-0.8621328990784944	cosine	24.0	12.0	20.0	0.45454545454545475	0.019834630913749846
-0.31074115035660477	cosine	24.0	2.0	14.0	0.45454545454545475	0.019834630913749846
-1.4978657032148783	cosine	24.0	20.0	16.0	0.5151515151515154	0.00986438530634296
0.5406442267402637	cosine	24.0	12.0	14.0	0.4242424242424244	0.02742697317621316
-0.264482277534162	cosine	24.0	16.0	0.0	0.4242424242424244	0.02742697317621316
-1.3849129027934568	cosine	24.0	10.0	18.0	0.4242424242424244	0.02742697317621316
-1.4704264816709136	cosine	24.0	6.0	4.0	0.5454545454545456	0.0067819162397311575
-1.466445595450555	cosine	24.0	16.0	22.0	0.6363636363636367	0.001988079806063042
0.8520475501108745	cosine	24.0	8.0	2.0	0.5454545454545456	0.0067819162397311575
-1.423728011213149	cosine	24.0	12.0	10.0	0.3636363636363638	0.04990853551146973
0.8958258806414577	cosine	24.0	12.0	8.0	0.2727272727272728	0.10854448149943507
1.4821314748504089	cosine	24.0	2.0	4.0	0.4848484848484851	0.014106153084401886
-0.98985373328663	cosine	24.0	18.0	20.0	0.3939393939393941	0.037302414641954044
0.22798551466580552	cosine	24.0	14.0	12.0	0.4242424242424244	0.02742697317621316
0.08911097961506145	cosine	24.0	12.0	10.0	0.666666666666667	0.0012756406460599887
-0.3065261814360972	cosine	24.0	16.0	18.0	0.3939393939393941	0.037302414641954044
-1.3977409014929885	cosine	24.0	2.0	4.0	0.3939393939393941	0.037302414641954044
-1.4770647897668618	cosine	24.0	10.0	12.0	0.3939393939393941	0.037302414641954044
1.684351510646596	cosine	24.0	14.0	16.0	0.3333333333333335	0.06570102610411901
0.3693867963840993	cosine	24.0	8.0	10.0	0.3333333333333335	0.06570102610411901
-1.5501305434308732	cosine	24.0	8.0	6.0	0.3939393939393941	0.037302414641954044
-0.21880569314109904	cosine	24.0	22.0	2.0	0.45454545454545475	0.019834630913749846
0.10705805514050926	cosine	24.0	14.0	12.0	0.5454545454545456	0.0067819162397311575
-1.3380540062155157	cosine	24.0	2.0	0.0	0.6060606060606063	0.003044944233852819
-0.6702914944623489	cosine	24.0	18.0	20.0	0.3939393939393941	0.037302414641954044
-0.16577005117856727	cosine	24.0	16.0	18.0	0.4242424242424244	0.02742697317621316
1.8067250697939643	cosine	24.0	14.0	12.0	0.3636363636363638	0.04990853551146973
-0.8839622630427763	cosine	24.0	4.0	16.0	0.4848484848484851	0.014106153084401886
-0.5466982576286499	cosine	24.0	4.0	8.0	0.4242424242424244	0.02742697317621316
0.037946436011808415	cosine	24.0	12.0	0.0	0.5151515151515154	0.00986438530634296
0.45212827844322606	cosine	24.0	6.0	8.0	0.24242424242424254	0.1362855657955242
0.15576985721347517	cosine	24.0	10.0	14.0	0.666666666666667	0.0012756406460599887
-1.1307421437969902	cosine	24.0	10.0	18.0	0.4848484848484851	0.014106153084401886
-0.20966727708990412	cosine	24.0	2.0	22.0	0.4848484848484851	0.014106153084401886
1.064844261825933	cosine	24.0	6.0	8.0	0.4242424242424244	0.02742697317621316
-0.5783472125042967	cosine	24.0	8.0	10.0	0.5454545454545456	0.0067819162397311575
-1.5390075769894989	cosine	24.0	20.0	22.0	0.575757575757576	0.004583576838638997
2.1684083299799197	cosine	24.0	22.0	2.0	0.4242424242424244	0.02742697317621316
-1.9627325194121494	cosine	24.0	12.0	16.0	0.666666666666667	0.0012756406460599887
-0.022905661530838495	cosine	24.0	16.0	0.0	0.45454545454545475	0.019834630913749846
-0.7775679033431315	cosine	24.0	16.0	20.0	0.3333333333333335	0.06570102610411901
-0.37880480331328065	cosine	24.0	4.0	0.0	0.4848484848484851	0.014106153084401886
0.7282067276034637	cosine	24.0	14.0	22.0	0.45454545454545475	0.019834630913749846
-0.7504142993092254	cosine	24.0	2.0	10.0	0.45454545454545475	0.019834630913749846
0.11177447708929367	cosine	24.0	18.0	20.0	0.4242424242424244	0.02742697317621316
-0.12244106000719053	cosine	24.0	4.0	6.0	0.30303030303030315	0.08511721571435177
1.1683849264351496	cosine	24.0	4.0	22.0	0.3636363636363638	0.04990853551146973
0.4686272481736674	cosine	24.0	2.0	10.0	0.5151515151515154	0.00986438530634296
-3.146716647598095	cosine	24.0	0.0	2.0	0.3939393939393941	0.037302414641954044
-0.8025736728362622	cosine	24.0	20.0	4.0	0.4242424242424244	0.02742697317621316
-0.12534966222471455	cosine	24.0	8.0	4.0	0.575757575757576	0.004583576838638997
0.9318933216132234	cosine	24.0	10.0	6.0	0.3939393939393941	0.037302414641954044
1.1322834441810696	cosine	24.0	18.0	10.0	0.6060606060606063	0.003044944233852819
0.296409243491191	cosine	24.0	8.0	18.0	0.666666666666667	0.0012756406460599887
0.9635380736310546	cosine	24.0	20.0	12.0	0.3939393939393941	0.037302414641954044
1.318430108647811	cosine	24.0	20.0	18.0	0.30303030303030315	0.08511721571435177
-1.2408141398067776	cosine	24.0	22.0	18.0	0.4848484848484851	0.014106153084401886
-0.7259986561879835	cosine	24.0	12.0	2.0	0.45454545454545475	0.019834630913749846
1.149876848336523	cosine	24.0	0.0	14.0	0.3636363636363638	0.04990853551146973
0.6698009201906617	cosine	24.0	10.0	12.0	0.4848484848484851	0.014106153084401886
-1.2119630115872329	cosine	24.0	6.0	8.0	0.45454545454545475	0.019834630913749846
1.3955315953881497	cosine	24.0	22.0	0.0	0.30303030303030315	0.08511721571435177
0.8497770609190854	cosine	24.0	12.0	10.0	0.6969696969696972	0.0008043156973336818
0.2750016042642514	cosine	24.0	18.0	0.0	0.30303030303030315	0.08511721571435177
1.0546240149667492	cosine	24.0	8.0	12.0	0.3333333333333335	0.06570102610411901
-0.25657294023764515	cosine	24.0	6.0	4.0	0.3636363636363638	0.04990853551146973
0.33108206018887837	cosine	24.0	8.0	16.0	0.4848484848484851	0.014106153084401886
-0.6736964650181988	cosine	24.0	16.0	20.0	0.3939393939393941	0.037302414641954044
0.06942295474402878	cosine	24.0	14.0	12.0	0.3636363636363638	0.04990853551146973
1.2692199079203335	cosine	24.0	0.0	4.0	0.3333333333333335	0.06570102610411901
0.5242428014883328	cosine	24.0	6.0	4.0	0.5151515151515154	0.00986438530634296
-0.193439428657102	cosine	24.0	14.0	16.0	0.45454545454545475	0.019834630913749846
-0.43246137657348577	cosine	24.0	12.0	10.0	0.3636363636363638	0.04990853551146973
2.257288842834754	cosine	24.0	12.0	8.0	0.4242424242424244	0.02742697317621316
-0.2162575820215108	cosine	24.0	22.0	10.0	0.5151515151515154	0.00986438530634296
-0.0001666090170043034	cosine	24.0	0.0	4.0	0.5151515151515154	0.00986438530634296
0.6638100420740743	cosine	24.0	20.0	18.0	0.3333333333333335	0.06570102610411901
-0.36127733565475034	cosine	24.0	0.0	22.0	0.4848484848484851	0.014106153084401886
0.3179644624803099	cosine	24.0	12.0	18.0	0.3939393939393941	0.037302414641954044
1.4251144333561643	cosine	24.0	12.0	10.0	0.3939393939393941	0.037302414641954044
1.2302956316185694	cosine	24.0	8.0	10.0	0.30303030303030315	0.08511721571435177
-0.5949877159050191	cosine	24.0	2.0	0.0	0.666666666666667	0.0012756406460599887
-0.38025590955775745	cosine	24.0	14.0	8.0	0.575757575757576	0.004583576838638997
-1.0935854727099354	cosine	24.0	22.0	0.0	0.3636363636363638	0.04990853551146973
-0.13995560966206688	cosine	24.0	16.0	14.0	0.45454545454545475	0.019834630913749846
-2.0146947185720423	cosine	24.0	10.0	8.0	0.575757575757576	0.004583576838638997
0.9215761474550984	cosine	24.0	6.0	8.0	0.3939393939393941	0.037302414641954044
1.976607514457651	cosine	24.0	2.0	4.0	0.3636363636363638	0.04990853551146973
-0.4021062456248452	cosine	24.0	16.0	8.0	0.7272727272727276	0.0004983045770249599
0.7102183148515415	cosine	24.0	2.0	0.0	0.2727272727272728	0.10854448149943507
-0.5198042145236899	cosine	24.0	4.0	8.0	0.4848484848484851	0.014106153084401886
0.24879144648276866	cosine	24.0	16.0	20.0	0.4242424242424244	0.02742697317621316
0.2838003199673468	cosine	24.0	12.0	14.0	0.6969696969696972	0.0008043156973336818
0.1386864938985889	cosine	24.0	16.0	8.0	0.5151515151515154	0.00986438530634296
0.4299683474734412	cosine	24.0	8.0	6.0	0.5454545454545456	0.0067819162397311575
1.413126841712029	cosine	24.0	14.0	20.0	0.5151515151515154	0.00986438530634296
2.003554145614157	cosine	24.0	16.0	18.0	0.24242424242424254	0.1362855657955242
-0.8411342407563969	cosine	24.0	10.0	12.0	0.2121212121212122	0.16852366968754684
0.6747519076361288	cosine	24.0	10.0	8.0	0.45454545454545475	0.019834630913749846
0.1936030340903265	cosine	24.0	16.0	12.0	0.5454545454545456	0.0067819162397311575
-0.3836364885605584	cosine	24.0	4.0	6.0	0.4242424242424244	0.02742697317621316
-2.0758194104147107	cosine	24.0	12.0	18.0	0.3939393939393941	0.037302414641954044
0.4160520705391515	cosine	24.0	14.0	16.0	0.30303030303030315	0.08511721571435177
0.5891576127523432	cosine	24.0	22.0	2.0	0.3939393939393941	0.037302414641954044
0.5006601291970781	cosine	24.0	14.0	16.0	0.30303030303030315	0.08511721571435177
0.7467234083481301	cosine	24.0	16.0	12.0	0.5151515151515154	0.00986438530634296
0.49177666888190963	cosine	24.0	22.0	20.0	0.575757575757576	0.004583576838638997
-0.5497521710184734	cosine	24.0	20.0	22.0	0.4242424242424244	0.02742697317621316
-0.7066088645264361	cosine	24.0	8.0	2.0	0.3939393939393941	0.037302414641954044
-0.9076295812522626	cosine	24.0	18.0	20.0	0.45454545454545475	0.019834630913749846
-0.12867793561332272	cosine	24.0	22.0	0.0	0.2727272727272728	0.10854448149943507
0.5437141600497661	cosine	24.0	8.0	6.0	0.6363636363636367	0.001988079806063042
-0.22117575729641176	cosine	24.0	20.0	18.0	0.4848484848484851	0.014106153084401886
0.8220621697504349	cosine	24.0	0.0	4.0	0.5151515151515154	0.00986438530634296
0.8486093505644172	cosine	24.0	4.0	2.0	0.3939393939393941	0.037302414641954044
-1.4918968388348257	cosine	24.0	12.0	8.0	0.6060606060606063	0.003044944233852819
-1.296756071061631	cosine	24.0	16.0	18.0	0.5454545454545456	0.0067819162397311575
-0.8499238063503178	cosine	24.0	12.0	10.0	0.45454545454545475	0.019834630913749846
-0.5394550320401325	cosine	24.0	22.0	20.0	0.2121212121212122	0.16852366968754684
-0.9973221793587932	cosine	24.0	18.0	2.0	0.45454545454545475	0.019834630913749846
1.1484023154210983	cosine	24.0	12.0	10.0	0.6060606060606063	0.003044944233852819
1.0167314667255551	cosine	24.0	2.0	10.0	0.6060606060606063	0.003044944233852819
0.040151572254364915	cosine	24.0	2.0	0.0	0.2727272727272728	0.10854448149943507
0.12000950005484279	cosine	24.0	8.0	10.0	0.3939393939393941	0.037302414641954044
-0.7521102928800443	cosine	24.0	8.0	12.0	0.4848484848484851	0.014106153084401886
-1.7797146835408313	cosine	24.0	22.0	16.0	0.5454545454545456	0.0067819162397311575
0.48649405048440225	cosine	24.0	16.0	14.0	0.5454545454545456	0.0067819162397311575
1.0401303248075635	cosine	24.0	14.0	4.0	0.6363636363636367	0.001988079806063042
0.6048337101850992	cosine	24.0	0.0	2.0	0.5151515151515154	0.00986438530634296
0.22866435431074558	cosine	24.0	20.0	22.0	0.5454545454545456	0.0067819162397311575
-0.5274956673045834	cosine	24.0	12.0	14.0	0.575757575757576	0.004583576838638997
-0.4188625923993087	cosine	24.0	22.0	0.0	0.6969696969696972	0.0008043156973336818
-0.33667055490772846	cosine	24.0	14.0	12.0	0.45454545454545475	0.019834630913749846
-1.3803511950703304	cosine	24.0	20.0	22.0	0.3939393939393941	0.037302414641954044
-1.316872001848679	cosine	24.0	14.0	12.0	0.3333333333333335	0.06570102610411901
1.238444984830069	cosine	24.0	10.0	12.0	0.3333333333333335	0.06570102610411901
0.7155108019944948	cosine	24.0	8.0	10.0	0.5454545454545456	0.0067819162397311575
1.2707179849845942	cosine	24.0	20.0	18.0	0.3333333333333335	0.06570102610411901
-0.24359959433733785	cosine	24.0	20.0	18.0	0.30303030303030315	0.08511721571435177
-0.632436801153004	cosine	24.0	10.0	12.0	0.30303030303030315	0.08511721571435177
-0.16950538460900852	cosine	24.0	12.0	14.0	0.5151515151515154	0.00986438530634296
-1.9097121881767445	cosine	24.0	16.0	2.0	0.4242424242424244	0.02742697317621316
0.8197785179354556	cosine	24.0	10.0	18.0	0.4848484848484851	0.014106153084401886
1.267926993214835	cosine	24.0	22.0	20.0	0.3939393939393941	0.037302414641954044
0.41907570295047347	cosine	24.0	4.0	2.0	0.5454545454545456	0.0067819162397311575
0.31141830374135343	cosine	24.0	22.0	14.0	0.3333333333333335	0.06570102610411901
-0.6671407109260524	cosine	24.0	4.0	0.0	0.2727272727272728	0.10854448149943507
0.013386181273101781	cosine	24.0	20.0	8.0	0.575757575757576	0.004583576838638997
-0.12660866494363524	cosine	24.0	2.0	4.0	0.3939393939393941	0.037302414641954044
-0.23492028414480168	cosine	24.0	10.0	12.0	0.2121212121212122	0.16852366968754684
-0.08687258775367825	cosine	24.0	10.0	8.0	0.45454545454545475	0.019834630913749846
0.003058708325047266	cosine	24.0	0.0	6.0	0.3636363636363638	0.04990853551146973
-0.04251309396210926	cosine	24.0	22.0	0.0	0.4242424242424244	0.02742697317621316
1.089083447716767	cosine	24.0	4.0	2.0	0.5151515151515154	0.00986438530634296
0.36802246531452565	cosine	24.0	6.0	2.0	0.7575757575757579	0.000303320964553055
0.2912966456064059	cosine	24.0	16.0	20.0	0.5151515151515154	0.00986438530634296
-1.2316638976568335	cosine	24.0	4.0	22.0	0.3939393939393941	0.037302414641954044
-0.4407933077613622	cosine	24.0	12.0	10.0	0.3939393939393941	0.037302414641954044
0.8596258099472782	cosine	24.0	4.0	10.0	0.8484848484848488	6.150147255049047e-05
1.6295957086807038	cosine	24.0	8.0	6.0	0.5454545454545456	0.0067819162397311575
1.8119662425627285	cosine	24.0	18.0	14.0	0.3636363636363638	0.04990853551146973
0.994975411219934	cosine	24.0	16.0	12.0	0.3636363636363638	0.04990853551146973
-1.070922957424211	cosine	24.0	22.0	2.0	0.3939393939393941	0.037302414641954044
1.125660414814323	cosine	24.0	0.0	2.0	0.30303030303030315	0.08511721571435177
0.6429594193099774	cosine	24.0	12.0	10.0	0.4242424242424244	0.02742697317621316
-0.7106562635238111	cosine	24.0	4.0	0.0	0.2727272727272728	0.10854448149943507
-0.6626830658149013	cosine	24.0	4.0	2.0	0.3939393939393941	0.037302414641954044
0.14872439000769175	cosine	24.0	2.0	0.0	0.5151515151515154	0.00986438530634296
0.10460244282670893	cosine	24.0	8.0	6.0	0.3636363636363638	0.04990853551146973
-0.7877988597121631	cosine	24.0	6.0	4.0	0.2727272727272728	0.10854448149943507
-0.5687364268407616	cosine	24.0	14.0	0.0	0.3939393939393941	0.037302414641954044
-0.5598569150976522	cosine	24.0	18.0	20.0	0.45454545454545475	0.019834630913749846
1.844457758939044	cosine	24.0	20.0	22.0	0.45454545454545475	0.019834630913749846
0.7998665489397202	cosine	24.0	22.0	0.0	0.3939393939393941	0.037302414641954044
0.5039782784738317	cosine	24.0	8.0	12.0	0.3636363636363638	0.04990853551146973
0.22657552939646042	cosine	24.0	8.0	6.0	0.3939393939393941	0.037302414641954044
-0.8237679781095721	cosine	24.0	18.0	16.0	0.5454545454545456	0.0067819162397311575
1.6908245426643405	cosine	24.0	6.0	8.0	0.45454545454545475	0.019834630913749846
1.1202213188490089	cosine	24.0	6.0	8.0	0.30303030303030315	0.08511721571435177
-1.0784861316004515	cosine	24.0	10.0	12.0	0.3939393939393941	0.037302414641954044
-0.23699764546760516	cosine	24.0	18.0	16.0	0.45454545454545475	0.019834630913749846
0.6537841422559424	cosine	24.0	12.0	10.0	0.5454545454545456	0.0067819162397311575
0.3821292259645785	cosine	24.0	18.0	20.0	0.6363636363636367	0.001988079806063042
-1.211398086271989	cosine	24.0	22.0	2.0	0.2727272727272728	0.10854448149943507
-0.42440747667629014	cosine	24.0	10.0	8.0	0.4242424242424244	0.02742697317621316
0.5080663292978066	cosine	24.0	0.0	10.0	0.45454545454545475	0.019834630913749846
1.8176830772592099	cosine	24.0	14.0	16.0	0.4242424242424244	0.02742697317621316
0.3975730420379807	cosine	24.0	22.0	20.0	0.3939393939393941	0.037302414641954044
0.147045433601286	cosine	24.0	18.0	16.0	0.3636363636363638	0.04990853551146973
0.9084326500320765	cosine	24.0	18.0	20.0	0.575757575757576	0.004583576838638997
0.7631049595678331	cosine	24.0	2.0	0.0	0.45454545454545475	0.019834630913749846
1.3135058761121052	cosine	24.0	14.0	16.0	0.30303030303030315	0.08511721571435177
-1.0062119824948907	cosine	24.0	2.0	4.0	0.6363636363636367	0.001988079806063042
1.2675563808971688	cosine	24.0	16.0	14.0	0.3333333333333335	0.06570102610411901
0.19299749733986968	cosine	24.0	14.0	12.0	0.6060606060606063	0.003044944233852819
-1.806997994564134	cosine	24.0	18.0	12.0	0.3636363636363638	0.04990853551146973
-1.1287119584140457	cosine	24.0	6.0	8.0	0.30303030303030315	0.08511721571435177
-1.3525700876585898	cosine	24.0	10.0	12.0	0.30303030303030315	0.08511721571435177
1.2645295728973809	cosine	24.0	12.0	10.0	0.45454545454545475	0.019834630913749846
1.0917239112679464	cosine	24.0	20.0	18.0	0.2727272727272728	0.10854448149943507
-0.2782313650738729	cosine	24.0	16.0	20.0	0.3636363636363638	0.04990853551146973
0.938784454466913	cosine	24.0	10.0	12.0	0.3939393939393941	0.037302414641954044
-1.0497926731086753	cosine	24.0	20.0	2.0	0.4848484848484851	0.014106153084401886
-0.9884609325297004	cosine	24.0	10.0	12.0	0.4242424242424244	0.02742697317621316
-0.6172922801525562	cosine	24.0	2.0	6.0	0.3939393939393941	0.037302414641954044
1.645040507135566	cosine	24.0	10.0	14.0	0.30303030303030315	0.08511721571435177
-0.9787289127481043	cosine	24.0	16.0	8.0	0.575757575757576	0.004583576838638997
0.29525148629198766	cosine	24.0	20.0	22.0	0.2727272727272728	0.10854448149943507
1.336790119520001	cosine	24.0	18.0	20.0	0.3333333333333335	0.06570102610411901
-0.18731555401271333	cosine	24.0	10.0	8.0	0.4848484848484851	0.014106153084401886
-2.2730849822172243	cosine	24.0	2.0	0.0	0.2727272727272728	0.10854448149943507
0.5292177887419314	cosine	24.0	4.0	14.0	0.4848484848484851	0.014106153084401886
0.06908268706122121	cosine	24.0	16.0	14.0	0.5151515151515154	0.00986438530634296
2.2696831678377505	cosine	24.0	8.0	14.0	0.3939393939393941	0.037302414641954044
0.27073923380871817	cosine	24.0	18.0	0.0	0.4848484848484851	0.014106153084401886
0.9278517271399552	cosine	24.0	18.0	8.0	0.4848484848484851	0.014106153084401886
0.6695753474525554	cosine	24.0	4.0	6.0	0.3636363636363638	0.04990853551146973
-0.8446811150241488	cosine	24.0	4.0	2.0	0.45454545454545475	0.019834630913749846
-0.8379815154013925	cosine	24.0	6.0	2.0	0.3939393939393941	0.037302414641954044
0.18675172862659203	cosine	24.0	12.0	14.0	0.45454545454545475	0.019834630913749846
-1.3303241375878971	cosine	24.0	16.0	18.0	0.24242424242424254	0.1362855657955242
-0.19593335470185141	cosine	24.0	16.0	14.0	0.4848484848484851	0.014106153084401886
1.646122679778793	cosine	24.0	4.0	6.0	0.3333333333333335	0.06570102610411901
-0.013746444752742143	cosine	24.0	2.0	16.0	0.7878787878787882	0.0001813930547667903
0.5043224786126562	cosine	24.0	10.0	12.0	0.4242424242424244	0.02742697317621316
0.5909579027083136	cosine	24.0	10.0	16.0	0.5151515151515154	0.00986438530634296
-0.47471513254822584	cosine	24.0	22.0	20.0	0.3939393939393941	0.037302414641954044
-0.8661315187038335	cosine	24.0	14.0	22.0	0.4848484848484851	0.014106153084401886
1.3221281038071013	cosine	24.0	20.0	22.0	0.2121212121212122	0.16852366968754684
0.9227783802172558	cosine	24.0	6.0	8.0	0.45454545454545475	0.019834630913749846
-2.3786574413384605	cosine	24.0	18.0	20.0	0.3636363636363638	0.04990853551146973
-0.8041282251688499	cosine	24.0	2.0	4.0	0.3333333333333335	0.06570102610411901
0.8824453061852887	cosine	24.0	2.0	4.0	0.3636363636363638	0.04990853551146973
-1.1845749153328735	cosine	24.0	22.0	20.0	0.3636363636363638	0.04990853551146973
0.7552037865619109	cosine	24.0	8.0	12.0	0.3333333333333335	0.06570102610411901
1.156535860349092	cosine	24.0	4.0	0.0	0.30303030303030315	0.08511721571435177
-0.315485770485424	cosine	24.0	10.0	22.0	0.3636363636363638	0.04990853551146973
0.3723247970840724	cosine	24.0	10.0	8.0	0.24242424242424254	0.1362855657955242
-0.03955101579091849	cosine	24.0	6.0	8.0	0.45454545454545475	0.019834630913749846
0.9597700695672458	cosine	24.0	4.0	22.0	0.7272727272727276	0.0004983045770249599
1.3426217746395195	cosine	24.0	20.0	22.0	0.4242424242424244	0.02742697317621316
-0.5898936974195444	cosine	24.0	22.0	20.0	0.3636363636363638	0.04990853551146973
-0.27797914872229307	cosine	24.0	18.0	20.0	0.4242424242424244	0.02742697317621316
-0.48903506026972693	cosine	24.0	22.0	14.0	0.575757575757576	0.004583576838638997
1.1070321370293783	cosine	24.0	18.0	20.0	0.5454545454545456	0.0067819162397311575
2.0117293122796487	cosine	24.0	8.0	4.0	0.4848484848484851	0.014106153084401886
-0.4704320800647242	cosine	24.0	16.0	18.0	0.4242424242424244	0.02742697317621316
-0.06557650720201347	cosine	24.0	0.0	22.0	0.5151515151515154	0.00986438530634296
1.419920774890667	cosine	24.0	22.0	2.0	0.2727272727272728	0.10854448149943507
-0.09029943570867227	cosine	24.0	20.0	22.0	0.3636363636363638	0.04990853551146973
0.13268628671453989	cosine	24.0	22.0	2.0	0.30303030303030315	0.08511721571435177
-0.30164421237395034	cosine	24.0	0.0	14.0	0.2727272727272728	0.10854448149943507
-1.2828405207748452	cosine	24.0	12.0	14.0	0.5151515151515154	0.00986438530634296
-1.598774750460935	cosine	24.0	4.0	2.0	0.5151515151515154	0.00986438530634296
-0.5487215442096558	cosine	24.0	18.0	12.0	0.3636363636363638	0.04990853551146973
-0.35108173525282876	cosine	24.0	2.0	4.0	0.3333333333333335	0.06570102610411901
0.3958339108657115	cosine	24.0	14.0	10.0	0.5454545454545456	0.0067819162397311575
-1.0432907851007764	cosine	24.0	12.0	18.0	0.4242424242424244	0.02742697317621316
0.9089277313148484	cosine	24.0	16.0	18.0	0.30303030303030315	0.08511721571435177
-0.9264458872344942	cosine	24.0	4.0	2.0	0.666666666666667	0.0012756406460599887
0.5165625239956056	cosine	24.0	18.0	0.0	0.3939393939393941	0.037302414641954044
1.2130228316142646	cosine	24.0	8.0	0.0	0.4848484848484851	0.014106153084401886
0.14011232134796506	cosine	24.0	18.0	16.0	0.4242424242424244	0.02742697317621316
-0.3597311737714672	cosine	24.0	10.0	8.0	0.30303030303030315	0.08511721571435177
0.4406454383958738	cosine	24.0	0.0	2.0	0.45454545454545475	0.019834630913749846
1.4056627356012614	cosine	24.0	18.0	20.0	0.24242424242424254	0.1362855657955242
-0.5256260096761388	cosine	24.0	4.0	2.0	0.4242424242424244	0.02742697317621316
-0.9087639030296452	cosine	24.0	8.0	4.0	0.2727272727272728	0.10854448149943507
-1.7603373721068893	cosine	24.0	8.0	2.0	0.4848484848484851	0.014106153084401886
-0.8001927653050004	cosine	24.0	6.0	4.0	0.3939393939393941	0.037302414641954044
0.7328389346916826	cosine	24.0	0.0	2.0	0.3636363636363638	0.04990853551146973
0.5387163814100656	cosine	24.0	22.0	0.0	0.45454545454545475	0.019834630913749846
-0.6847594594080245	cosine	24.0	6.0	4.0	0.30303030303030315	0.08511721571435177
-2.305347379609088	cosine	24.0	22.0	18.0	0.4242424242424244	0.02742697317621316
0.33100558369687744	cosine	24.0	12.0	14.0	0.30303030303030315	0.08511721571435177
-0.16163560543582955	cosine	24.0	0.0	16.0	0.3939393939393941	0.037302414641954044
-1.2092041418473947	cosine	24.0	14.0	10.0	0.4848484848484851	0.014106153084401886
0.6081421733115951	cosine	24.0	12.0	6.0	0.3636363636363638	0.04990853551146973
1.225165319242839	cosine	24.0	2.0	8.0	0.4242424242424244	0.02742697317621316
0.08187293049845513	cosine	24.0	8.0	10.0	0.2727272727272728	0.10854448149943507
0.8859433532295262	cosine	24.0	20.0	22.0	0.30303030303030315	0.08511721571435177
-0.8782568091462315	cosine	24.0	2.0	4.0	0.3333333333333335	0.06570102610411901
1.094650505767686	cosine	24.0	12.0	14.0	0.45454545454545475	0.019834630913749846
0.7094050333921803	cosine	24.0	12.0	8.0	0.5454545454545456	0.0067819162397311575
-2.967436768422471	cosine	24.0	16.0	18.0	0.3636363636363638	0.04990853551146973
0.6942451585872427	cosine	24.0	10.0	22.0	0.3333333333333335	0.06570102610411901
-0.42640949747261475	cosine	24.0	22.0	20.0	0.2727272727272728	0.10854448149943507
0.2434025119608946	cosine	24.0	8.0	6.0	0.6060606060606063	0.003044944233852819
1.4278825383861857	cosine	24.0	0.0	4.0	0.3333333333333335	0.06570102610411901
-1.0193023924258302	cosine	24.0	10.0	12.0	0.45454545454545475	0.019834630913749846
-0.3593245701992777	cosine	24.0	6.0	12.0	0.4848484848484851	0.014106153084401886
1.2696699464908707	cosine	24.0	18.0	20.0	0.3939393939393941	0.037302414641954044
-0.9574250674995323	cosine	24.0	2.0	8.0	0.6363636363636367	0.001988079806063042
-0.16172039995357265	cosine	24.0	10.0	20.0	0.4848484848484851	0.014106153084401886
-1.9784474353566894	cosine	24.0	2.0	18.0	0.3939393939393941	0.037302414641954044
0.7393741576002437	cosine	24.0	6.0	0.0	0.3636363636363638	0.04990853551146973
-0.9153712514894896	cosine	24.0	12.0	8.0	0.575757575757576	0.004583576838638997
0.07697682518701307	cosine	24.0	10.0	8.0	0.45454545454545475	0.019834630913749846
0.3294752816900445	cosine	24.0	12.0	14.0	0.24242424242424254	0.1362855657955242
-1.846829341489672	cosine	24.0	16.0	6.0	0.3636363636363638	0.04990853551146973
1.908127177800107	cosine	24.0	14.0	16.0	0.5454545454545456	0.0067819162397311575
0.09386430058283511	cosine	24.0	22.0	0.0	0.6060606060606063	0.003044944233852819
-0.27922082126888376	cosine	24.0	18.0	16.0	0.6060606060606063	0.003044944233852819
-1.5448457758020262	cosine	24.0	16.0	0.0	0.4242424242424244	0.02742697317621316
-0.7950345405117859	cosine	24.0	4.0	12.0	0.6060606060606063	0.003044944233852819
-2.4275239430081172	cosine	24.0	12.0	10.0	0.3939393939393941	0.037302414641954044
0.058952145494069914	cosine	24.0	20.0	16.0	0.45454545454545475	0.019834630913749846
0.08160341151693577	cosine	24.0	0.0	22.0	0.3939393939393941	0.037302414641954044
0.4219367510952337	cosine	24.0	10.0	16.0	0.4848484848484851	0.014106153084401886
2.006114216537845	cosine	24.0	18.0	8.0	0.4242424242424244	0.02742697317621316
0.9230823441913825	cosine	24.0	0.0	22.0	0.575757575757576	0.004583576838638997
1.7755447719447173	cosine	24.0	20.0	22.0	0.45454545454545475	0.019834630913749846
0.7393663754438266	cosine	24.0	16.0	12.0	0.3939393939393941	0.037302414641954044
-1.4653435198087976	cosine	24.0	14.0	16.0	0.575757575757576	0.004583576838638997
-0.5799047342515465	cosine	24.0	14.0	16.0	0.3333333333333335	0.06570102610411901
0.13402893145019515	cosine	24.0	2.0	10.0	0.6060606060606063	0.003044944233852819
-0.9659053190902992	cosine	24.0	20.0	16.0	0.3939393939393941	0.037302414641954044
-2.4246471394485436	cosine	24.0	10.0	22.0	0.6060606060606063	0.003044944233852819
-1.3073330266118504	cosine	24.0	2.0	10.0	0.45454545454545475	0.019834630913749846
0.24356254609330458	cosine	24.0	18.0	22.0	0.3333333333333335	0.06570102610411901
-0.21998737113872577	cosine	24.0	0.0	2.0	0.4848484848484851	0.014106153084401886
1.7437871171439605	cosine	24.0	4.0	0.0	0.575757575757576	0.004583576838638997
1.166706666332303	cosine	24.0	20.0	16.0	0.6060606060606063	0.003044944233852819
-0.9960111204916433	cosine	24.0	20.0	18.0	0.3636363636363638	0.04990853551146973
-1.3256677864636934	cosine	24.0	4.0	0.0	0.24242424242424254	0.1362855657955242
2.1130916779001905	cosine	24.0	12.0	10.0	0.5454545454545456	0.0067819162397311575
-0.5199839444538941	cosine	24.0	10.0	12.0	0.3939393939393941	0.037302414641954044
0.7287039255037144	cosine	24.0	22.0	0.0	0.4242424242424244	0.02742697317621316
0.15601577508019634	cosine	24.0	18.0	16.0	0.7272727272727276	0.0004983045770249599
-1.5668729094309375	cosine	24.0	14.0	16.0	0.30303030303030315	0.08511721571435177
1.1755723745649918	cosine	24.0	10.0	8.0	0.3636363636363638	0.04990853551146973
0.5197574506502167	cosine	24.0	16.0	12.0	0.3333333333333335	0.06570102610411901
-0.9194831771226603	cosine	24.0	12.0	10.0	0.5151515151515154	0.00986438530634296
-0.36555266996190483	cosine	24.0	16.0	14.0	0.5151515151515154	0.00986438530634296
-0.20079292105558563	cosine	24.0	18.0	20.0	0.2727272727272728	0.10854448149943507
1.0961414344576534	cosine	24.0	2.0	0.0	0.4242424242424244	0.02742697317621316
1.6317593182543837	cosine	24.0	8.0	10.0	0.24242424242424254	0.1362855657955242
0.890857987913714	cosine	24.0	10.0	8.0	0.3636363636363638	0.04990853551146973
-0.4070669425612278	cosine	24.0	14.0	12.0	0.5454545454545456	0.0067819162397311575
1.6524564066155614	cosine	24.0	8.0	6.0	0.3939393939393941	0.037302414641954044
1.4953492720830588	cosine	24.0	22.0	20.0	0.30303030303030315	0.08511721571435177
-0.10079341370868676	cosine	24.0	2.0	8.0	0.6969696969696972	0.0008043156973336818
-0.4602131849783253	cosine	24.0	14.0	12.0	0.30303030303030315	0.08511721571435177
-1.195507794452898	cosine	24.0	16.0	14.0	0.3333333333333335	0.06570102610411901
0.9159367308171624	cosine	24.0	22.0	20.0	0.3939393939393941	0.037302414641954044
-0.6038397440401981	cosine	24.0	22.0	0.0	0.4242424242424244	0.02742697317621316
-0.14286622421891504	cosine	24.0	4.0	14.0	0.4848484848484851	0.014106153084401886
-0.07124000544364331	cosine	24.0	20.0	0.0	0.3939393939393941	0.037302414641954044
-0.10285959119999567	cosine	24.0	6.0	4.0	0.30303030303030315	0.08511721571435177
0.23531219073519205	cosine	24.0	4.0	8.0	0.575757575757576	0.004583576838638997
-0.11297057830198313	cosine	24.0	2.0	4.0	0.4242424242424244	0.02742697317621316
-1.0045879170212295	cosine	24.0	6.0	0.0	0.3636363636363638	0.04990853551146973
0.585572858357041	cosine	24.0	2.0	0.0	0.5151515151515154	0.00986438530634296
-0.7446354451873836	cosine	24.0	10.0	12.0	0.3636363636363638	0.04990853551146973
1.647423898413515	cosine	24.0	14.0	12.0	0.3939393939393941	0.037302414641954044
0.6962206199187417	cosine	24.0	4.0	8.0	0.4848484848484851	0.014106153084401886
-1.1308724539111683	cosine	24.0	2.0	20.0	0.30303030303030315	0.08511721571435177
0.698305913408731	cosine	24.0	20.0	2.0	0.45454545454545475	0.019834630913749846
0.2636093932311192	cosine	24.0	0.0	2.0	0.2727272727272728	0.10854448149943507
0.9066157498003361	cosine	24.0	12.0	14.0	0.3939393939393941	0.037302414641954044
-1.393106877928724	cosine	24.0	12.0	10.0	0.3939393939393941	0.037302414641954044
0.8344550530528526	cosine	24.0	10.0	12.0	0.24242424242424254	0.1362855657955242
-2.0904790802378286	cosine	24.0	20.0	22.0	0.2727272727272728	0.10854448149943507
-2.6219041754642194	cosine	24.0	20.0	16.0	0.5151515151515154	0.00986438530634296
0.7681091964396679	cosine	24.0	20.0	18.0	0.3636363636363638	0.04990853551146973
-0.6132700001038777	cosine	24.0	22.0	0.0	0.3636363636363638	0.04990853551146973
-0.40100959465738006	cosine	24.0	18.0	20.0	0.45454545454545475	0.019834630913749846
-0.24591624329691117	cosine	24.0	16.0	18.0	0.3636363636363638	0.04990853551146973
1.5628633292052188	cosine	24.0	8.0	16.0	0.3939393939393941	0.037302414641954044
-2.200093530548427	cosine	24.0	12.0	20.0	0.5151515151515154	0.00986438530634296
0.2071693610301136	cosine	24.0	18.0	14.0	0.5454545454545456	0.0067819162397311575
1.0531670139225089	cosine	24.0	10.0	14.0	0.2727272727272728	0.10854448149943507
0.34060420719723805	cosine	24.0	12.0	18.0	0.4848484848484851	0.014106153084401886
-1.4856371589882433	cosine	24.0	22.0	0.0	0.3636363636363638	0.04990853551146973
-0.6702099594262358	cosine	24.0	8.0	22.0	0.45454545454545475	0.019834630913749846
1.6879097681328985	cosine	24.0	6.0	2.0	0.30303030303030315	0.08511721571435177
-0.06052176450000936	cosine	24.0	20.0	14.0	0.2727272727272728	0.10854448149943507
0.60278867435521	cosine	24.0	8.0	16.0	0.5454545454545456	0.0067819162397311575
-0.8701458768989153	cosine	24.0	16.0	18.0	0.3636363636363638	0.04990853551146973
0.3431430820737536	cosine	24.0	14.0	6.0	0.5151515151515154	0.00986438530634296
1.81290518076533	cosine	24.0	10.0	4.0	0.3333333333333335	0.06570102610411901
-0.11797555478224378	cosine	24.0	14.0	12.0	0.2727272727272728	0.10854448149943507
0.04191600289833294	cosine	24.0	22.0	0.0	0.4242424242424244	0.02742697317621316
0.24751689989174944	cosine	24.0	14.0	16.0	0.2727272727272728	0.10854448149943507
0.0363089753347714	cosine	24.0	0.0	14.0	0.2727272727272728	0.10854448149943507
0.8790073877717091	cosine	24.0	10.0	8.0	0.6060606060606063	0.003044944233852819
0.778780661845232	cosine	24.0	12.0	10.0	0.4848484848484851	0.014106153084401886
-0.8623113270962046	cosine	24.0	18.0	8.0	0.6363636363636367	0.001988079806063042
0.3423065841771601	cosine	24.0	0.0	2.0	0.5454545454545456	0.0067819162397311575
-1.080047700617016	cosine	24.0	12.0	10.0	0.30303030303030315	0.08511721571435177
-0.021700656933172063	cosine	24.0	2.0	0.0	0.2121212121212122	0.16852366968754684
1.3841231424955114	cosine	24.0	18.0	8.0	0.4242424242424244	0.02742697317621316
-0.05074017789707135	cosine	24.0	20.0	18.0	0.5151515151515154	0.00986438530634296
-0.08732007293709312	cosine	24.0	22.0	2.0	0.2727272727272728	0.10854448149943507
0.1760137966572647	cosine	24.0	18.0	20.0	0.2727272727272728	0.10854448149943507
-1.9410789626835598	cosine	24.0	16.0	20.0	0.3636363636363638	0.04990853551146973
1.7278332340683225	cosine	24.0	0.0	2.0	0.4242424242424244	0.02742697317621316
-0.5863528531778242	cosine	24.0	4.0	2.0	0.30303030303030315	0.08511721571435177
1.509882554974111	cosine	24.0	18.0	16.0	0.3333333333333335	0.06570102610411901
-0.9887849455394792	cosine	24.0	6.0	22.0	0.6060606060606063	0.003044944233852819
-0.0700552838549209	cosine	24.0	6.0	14.0	0.2121212121212122	0.16852366968754684
-0.4191670138725826	cosine	24.0	20.0	18.0	0.30303030303030315	0.08511721571435177
0.7087590017690216	cosine	24.0	18.0	16.0	0.6363636363636367	0.001988079806063042
-2.225359327928897	cosine	24.0	16.0	14.0	0.4242424242424244	0.02742697317621316
1.7065416381480827	cosine	24.0	22.0	18.0	0.45454545454545475	0.019834630913749846
-0.656952237374084	cosine	24.0	14.0	12.0	0.2121212121212122	0.16852366968754684
-0.6264931049373396	cosine	24.0	20.0	22.0	0.3636363636363638	0.04990853551146973
-0.1539525124285929	cosine	24.0	10.0	8.0	0.3636363636363638	0.04990853551146973
0.7025209060683786	cosine	24.0	10.0	18.0	0.5151515151515154	0.00986438530634296
0.7792425456854646	cosine	24.0	22.0	20.0	0.45454545454545475	0.019834630913749846
0.2535453936108948	cosine	24.0	10.0	16.0	0.24242424242424254	0.1362855657955242
0.947735810643567	cosine	24.0	10.0	16.0	0.666666666666667	0.0012756406460599887
-1.4997251182588944	cosine	24.0	0.0	18.0	0.45454545454545475	0.019834630913749846
0.5606194098018406	cosine	24.0	22.0	6.0	0.4242424242424244	0.02742697317621316
-0.15848929116752256	cosine	24.0	18.0	0.0	0.6363636363636367	0.001988079806063042
-1.1447050227380162	cosine	24.0	18.0	20.0	0.30303030303030315	0.08511721571435177
-0.39934832790970703	cosine	24.0	2.0	4.0	0.30303030303030315	0.08511721571435177
1.044986938132184	cosine	24.0	0.0	2.0	0.45454545454545475	0.019834630913749846
-1.0652025138766261	cosine	24.0	12.0	10.0	0.5454545454545456	0.0067819162397311575
-0.6666164926208035	cosine	24.0	16.0	20.0	0.4242424242424244	0.02742697317621316
1.2730749417203502	cosine	24.0	14.0	10.0	0.4242424242424244	0.02742697317621316
-0.743142461924617	cosine	24.0	8.0	10.0	0.30303030303030315	0.08511721571435177
0.4875171532074217	cosine	24.0	4.0	8.0	0.45454545454545475	0.019834630913749846
-0.4246884532036465	cosine	24.0	10.0	12.0	0.3636363636363638	0.04990853551146973
-1.1845428203323143	cosine	24.0	16.0	18.0	0.3939393939393941	0.037302414641954044
0.9085670906234578	cosine	24.0	0.0	2.0	0.24242424242424254	0.1362855657955242
-1.9253753195801018	cosine	24.0	8.0	6.0	0.3636363636363638	0.04990853551146973
-1.2230909876649236	cosine	24.0	8.0	4.0	0.5151515151515154	0.00986438530634296
-0.7363113175034056	cosine	24.0	2.0	20.0	0.5454545454545456	0.0067819162397311575
-0.7671108415733947	cosine	24.0	2.0	4.0	0.3636363636363638	0.04990853551146973
-0.0466265401459337	cosine	24.0	22.0	0.0	0.30303030303030315	0.08511721571435177
-0.9393400163522678	cosine	24.0	16.0	8.0	0.45454545454545475	0.019834630913749846
0.1315859736320889	cosine	24.0	14.0	16.0	0.45454545454545475	0.019834630913749846
-1.1783449102429058	cosine	24.0	14.0	12.0	0.4242424242424244	0.02742697317621316
-1.3293465904551116	cosine	24.0	10.0	8.0	0.3939393939393941	0.037302414641954044
-0.1065670932437663	cosine	24.0	16.0	14.0	0.4242424242424244	0.02742697317621316
0.8997667862904094	cosine	24.0	22.0	20.0	0.5454545454545456	0.0067819162397311575
0.46751863114363745	cosine	24.0	20.0	22.0	0.2727272727272728	0.10854448149943507
-0.41569640067183805	cosine	24.0	12.0	14.0	0.3333333333333335	0.06570102610411901
-1.3942563554595364	cosine	24.0	2.0	4.0	0.4242424242424244	0.02742697317621316
0.06619273039327674	cosine	24.0	8.0	4.0	0.3939393939393941	0.037302414641954044
-1.3087062941648027	cosine	24.0	6.0	8.0	0.3333333333333335	0.06570102610411901
1.1723920098691425	cosine	24.0	12.0	14.0	0.6969696969696972	0.0008043156973336818
-0.6334498425705914	cosine	24.0	2.0	0.0	0.3333333333333335	0.06570102610411901
0.22490317366321344	cosine	24.0	22.0	18.0	0.4848484848484851	0.014106153084401886
0.7433892541533044	cosine	24.0	12.0	10.0	0.3636363636363638	0.04990853551146973
1.1169138956373268	cosine	24.0	20.0	6.0	0.3939393939393941	0.037302414641954044
-1.4949572867405656	cosine	24.0	12.0	10.0	0.3333333333333335	0.06570102610411901
0.40731471120923196	cosine	24.0	22.0	14.0	0.45454545454545475	0.019834630913749846
0.8129815727773347	cosine	24.0	14.0	12.0	0.24242424242424254	0.1362855657955242
-0.7567033275567068	cosine	24.0	16.0	22.0	0.45454545454545475	0.019834630913749846
-1.0569492260482216	cosine	24.0	8.0	10.0	0.7272727272727276	0.0004983045770249599
-0.9438196731455889	cosine	24.0	6.0	10.0	0.4848484848484851	0.014106153084401886
-0.9046372283993286	cosine	24.0	22.0	12.0	0.4242424242424244	0.02742697317621316
1.7165033642993441	cosine	24.0	6.0	22.0	0.3939393939393941	0.037302414641954044
-0.20117994262413427	cosine	24.0	8.0	0.0	0.4242424242424244	0.02742697317621316
-2.275861629888194	cosine	24.0	20.0	22.0	0.4848484848484851	0.014106153084401886
1.0218206740942495	cosine	24.0	18.0	14.0	0.575757575757576	0.004583576838638997
-0.7650536513335576	cosine	24.0	4.0	8.0	0.666666666666667	0.0012756406460599887
-0.1007117628998943	cosine	24.0	18.0	22.0	0.4242424242424244	0.02742697317621316
-0.3384313537060052	cosine	24.0	6.0	4.0	0.5454545454545456	0.0067819162397311575
0.003166387979056604	cosine	24.0	12.0	14.0	0.24242424242424254	0.1362855657955242
0.15877300487964743	cosine	24.0	22.0	20.0	0.3939393939393941	0.037302414641954044
1.5648694855892806	cosine	24.0	16.0	18.0	0.30303030303030315	0.08511721571435177
-0.771733575387037	cosine	24.0	8.0	6.0	0.30303030303030315	0.08511721571435177
-0.3962576015954623	cosine	24.0	16.0	18.0	0.30303030303030315	0.08511721571435177
-0.5039038884796477	cosine	24.0	12.0	10.0	0.6363636363636367	0.001988079806063042
1.044845913105371	cosine	24.0	6.0	10.0	0.30303030303030315	0.08511721571435177
0.7641181756459069	cosine	24.0	6.0	8.0	0.45454545454545475	0.019834630913749846
-0.912069506305952	cosine	24.0	22.0	10.0	0.5151515151515154	0.00986438530634296
0.0548989697938196	cosine	24.0	18.0	14.0	0.3636363636363638	0.04990853551146973
-0.27175576273630747	cosine	24.0	12.0	16.0	0.5151515151515154	0.00986438530634296
0.30589509344997745	cosine	24.0	2.0	8.0	0.4242424242424244	0.02742697317621316
0.5662638022918246	cosine	24.0	20.0	18.0	0.3939393939393941	0.037302414641954044
1.145926826036028	cosine	24.0	22.0	20.0	0.5454545454545456	0.0067819162397311575
-1.4404756936369265	cosine	24.0	12.0	10.0	0.5151515151515154	0.00986438530634296
0.08732242025598112	cosine	24.0	2.0	4.0	0.575757575757576	0.004583576838638997
-0.22350404976389932	cosine	24.0	4.0	2.0	0.3636363636363638	0.04990853551146973
-1.922350210194936	cosine	24.0	10.0	8.0	0.30303030303030315	0.08511721571435177
0.6580992697346022	cosine	24.0	10.0	8.0	0.5151515151515154	0.00986438530634296
0.5279940288784334	cosine	24.0	10.0	18.0	0.4848484848484851	0.014106153084401886
-1.066456759726785	cosine	24.0	10.0	12.0	0.4848484848484851	0.014106153084401886
2.31008205682821	cosine	24.0	10.0	12.0	0.5151515151515154	0.00986438530634296
0.7854894838466385	cosine	24.0	10.0	14.0	0.45454545454545475	0.019834630913749846
0.24776375531609587	cosine	24.0	12.0	4.0	0.4242424242424244	0.02742697317621316
-0.2033365716970582	cosine	24.0	8.0	20.0	0.5151515151515154	0.00986438530634296
-0.6683960196405896	cosine	24.0	8.0	6.0	0.5151515151515154	0.00986438530634296
-0.9046157315732131	cosine	24.0	0.0	20.0	0.24242424242424254	0.1362855657955242
-0.552734749319828	cosine	24.0	4.0	20.0	0.5151515151515154	0.00986438530634296
2.3719118702663504	cosine	24.0	4.0	0.0	0.3939393939393941	0.037302414641954044
-1.9399486738875555	cosine	24.0	8.0	6.0	0.30303030303030315	0.08511721571435177
-0.16630950412101905	cosine	24.0	14.0	18.0	0.4242424242424244	0.02742697317621316
1.6811305902950315	cosine	24.0	16.0	14.0	0.4242424242424244	0.02742697317621316
-0.6296911355548083	cosine	24.0	18.0	20.0	0.2727272727272728	0.10854448149943507
0.24534725799490756	cosine	24.0	14.0	12.0	0.24242424242424254	0.1362855657955242
0.6740767814430169	cosine	24.0	12.0	10.0	0.2727272727272728	0.10854448149943507
0.03984240173113296	cosine	24.0	0.0	22.0	0.30303030303030315	0.08511721571435177
1.1137486061346493	cosine	24.0	18.0	16.0	0.4242424242424244	0.02742697317621316
1.0342017954528029	cosine	24.0	12.0	14.0	0.2121212121212122	0.16852366968754684
0.8549607939256274	cosine	24.0	18.0	16.0	0.5454545454545456	0.0067819162397311575
0.16111792717260665	cosine	24.0	12.0	10.0	0.4242424242424244	0.02742697317621316
-0.25016711224984384	cosine	24.0	22.0	0.0	0.666666666666667	0.0012756406460599887
1.2502146021612073	cosine	24.0	18.0	16.0	0.4848484848484851	0.014106153084401886
-2.4599803329613374	cosine	24.0	16.0	18.0	0.6363636363636367	0.001988079806063042
0.6809907837689783	cosine	24.0	0.0	2.0	0.575757575757576	0.004583576838638997
-1.6394322193304218	cosine	24.0	20.0	22.0	0.3939393939393941	0.037302414641954044
0.8338400598103485	cosine	24.0	6.0	14.0	0.6060606060606063	0.003044944233852819
0.6105557355042359	cosine	24.0	22.0	0.0	0.666666666666667	0.0012756406460599887
2.8072311626809117	cosine	24.0	22.0	20.0	0.4848484848484851	0.014106153084401886
0.060215619752672526	cosine	24.0	12.0	14.0	0.30303030303030315	0.08511721571435177
0.6487666012505791	cosine	24.0	2.0	20.0	0.3333333333333335	0.06570102610411901
-0.6008081400318209	cosine	24.0	2.0	4.0	0.3636363636363638	0.04990853551146973
1.5159397251101803	cosine	24.0	8.0	14.0	0.5454545454545456	0.0067819162397311575
0.5081482131396327	cosine	24.0	0.0	12.0	0.6060606060606063	0.003044944233852819
-0.04090748646033439	cosine	24.0	0.0	2.0	0.3636363636363638	0.04990853551146973
-0.36458082341438564	cosine	24.0	8.0	10.0	0.3939393939393941	0.037302414641954044
-0.8418912292387389	cosine	24.0	4.0	2.0	0.3939393939393941	0.037302414641954044
0.12264757386386471	cosine	24.0	2.0	4.0	0.3939393939393941	0.037302414641954044
-0.21756257386140795	cosine	24.0	4.0	12.0	0.575757575757576	0.004583576838638997
-0.9077303231567452	cosine	24.0	20.0	16.0	0.2727272727272728	0.10854448149943507
-0.34052482085380426	cosine	24.0	18.0	14.0	0.575757575757576	0.004583576838638997
1.4001822185672193	cosine	24.0	22.0	0.0	0.24242424242424254	0.1362855657955242
0.6737832344155812	cosine	24.0	8.0	10.0	0.3939393939393941	0.037302414641954044
-0.3424282269808875	cosine	24.0	20.0	18.0	0.575757575757576	0.004583576838638997
1.735357353447624	cosine	24.0	6.0	4.0	0.5151515151515154	0.00986438530634296
1.3239026466403716	cosine	24.0	18.0	16.0	0.3333333333333335	0.06570102610411901
-1.232468471127426	cosine	24.0	22.0	0.0	0.24242424242424254	0.1362855657955242
1.0642532753349505	cosine	24.0	18.0	20.0	0.3636363636363638	0.04990853551146973
-1.4238619555727363	cosine	24.0	0.0	4.0	0.4848484848484851	0.014106153084401886
1.131342036264119	cosine	24.0	14.0	10.0	0.5454545454545456	0.0067819162397311575
0.7089885176357184	cosine	24.0	22.0	0.0	0.45454545454545475	0.019834630913749846
0.1905420718022094	cosine	24.0	10.0	6.0	0.2121212121212122	0.16852366968754684
-0.12068375545966102	cosine	24.0	16.0	18.0	0.5454545454545456	0.0067819162397311575
-0.7073201759681521	cosine	24.0	12.0	10.0	0.4242424242424244	0.02742697317621316
-0.7223672353219126	cosine	24.0	8.0	10.0	0.3939393939393941	0.037302414641954044
0.3429374310334682	cosine	24.0	12.0	2.0	0.575757575757576	0.004583576838638997
-0.42113174709405266	cosine	24.0	2.0	12.0	0.575757575757576	0.004583576838638997
-0.18535394507876657	cosine	24.0	12.0	16.0	0.4242424242424244	0.02742697317621316
0.7110003465843043	cosine	24.0	12.0	10.0	0.30303030303030315	0.08511721571435177
0.6361789187214014	cosine	24.0	18.0	20.0	0.45454545454545475	0.019834630913749846
-2.615444283921052	cosine	24.0	8.0	12.0	0.3636363636363638	0.04990853551146973
-2.3096907341854576	cosine	24.0	16.0	22.0	0.5151515151515154	0.00986438530634296
-1.780857033827182	cosine	24.0	2.0	4.0	0.3333333333333335	0.06570102610411901
-1.2106939661766645	cosine	24.0	14.0	12.0	0.575757575757576	0.004583576838638997
1.2252843168066638	cosine	24.0	4.0	6.0	0.6060606060606063	0.003044944233852819
-1.3427125450824526	cosine	24.0	6.0	8.0	0.45454545454545475	0.019834630913749846
0.7182005733974728	cosine	24.0	12.0	16.0	0.30303030303030315	0.08511721571435177
-0.6660391153300773	cosine	24.0	10.0	12.0	0.5454545454545456	0.0067819162397311575
-1.127381826917096	cosine	24.0	22.0	2.0	0.2727272727272728	0.10854448149943507
-0.639596845307188	cosine	24.0	16.0	18.0	0.4848484848484851	0.014106153084401886
0.7889599278577996	cosine	24.0	16.0	12.0	0.5151515151515154	0.00986438530634296
-0.27699968934225183	cosine	24.0	6.0	8.0	0.45454545454545475	0.019834630913749846
-0.7978289166799709	cosine	24.0	4.0	18.0	0.4242424242424244	0.02742697317621316
1.7335580600568683	cosine	24.0	2.0	4.0	0.3636363636363638	0.04990853551146973
0.8520300897874251	cosine	24.0	18.0	14.0	0.4242424242424244	0.02742697317621316
0.9969497283104041	cosine	24.0	10.0	6.0	0.24242424242424254	0.1362855657955242
0.13117152215312217	cosine	24.0	4.0	2.0	0.3333333333333335	0.06570102610411901
-1.8457996785360666	cosine	24.0	22.0	6.0	0.575757575757576	0.004583576838638997
-0.6865093358842077	cosine	24.0	16.0	14.0	0.4848484848484851	0.014106153084401886
0.37821621873823646	cosine	24.0	14.0	12.0	0.4242424242424244	0.02742697317621316
-1.007547769927179	cosine	24.0	14.0	20.0	0.30303030303030315	0.08511721571435177
0.40159709238771946	cosine	24.0	4.0	8.0	0.4848484848484851	0.014106153084401886
0.5476783469914734	cosine	24.0	4.0	6.0	0.5454545454545456	0.0067819162397311575
-0.6450233446290664	cosine	24.0	18.0	16.0	0.3636363636363638	0.04990853551146973
-0.191876726753174	cosine	24.0	6.0	2.0	0.666666666666667	0.0012756406460599887
-0.22215371210253182	cosine	24.0	22.0	6.0	0.4848484848484851	0.014106153084401886
-0.22650700173009183	cosine	24.0	2.0	4.0	0.5151515151515154	0.00986438530634296
-1.2748570402327726	cosine	24.0	18.0	16.0	0.3333333333333335	0.06570102610411901
-0.002870862681088054	cosine	24.0	16.0	14.0	0.5151515151515154	0.00986438530634296
-1.2433888754835558	cosine	24.0	2.0	16.0	0.666666666666667	0.0012756406460599887
-0.0428048630415048	cosine	24.0	20.0	18.0	0.3333333333333335	0.06570102610411901
0.09352273204795787	cosine	24.0	0.0	16.0	0.4848484848484851	0.014106153084401886
-1.5548340344353924	cosine	24.0	4.0	6.0	0.3333333333333335	0.06570102610411901
-0.9229283072768334	cosine	24.0	2.0	16.0	0.7575757575757579	0.000303320964553055
-0.17861517025462545	cosine	24.0	6.0	10.0	0.24242424242424254	0.1362855657955242
0.22713024410574087	cosine	24.0	10.0	4.0	0.24242424242424254	0.1362855657955242
0.3866320918691972	cosine	24.0	20.0	22.0	0.3333333333333335	0.06570102610411901
1.067097374888646	cosine	24.0	2.0	0.0	0.6363636363636367	0.001988079806063042
0.5374896786200406	cosine	24.0	4.0	6.0	0.4242424242424244	0.02742697317621316
0.39466699371693725	cosine	24.0	0.0	2.0	0.4242424242424244	0.02742697317621316
0.5290084076349812	cosine	24.0	12.0	14.0	0.45454545454545475	0.019834630913749846
-0.8149820140797774	cosine	24.0	6.0	4.0	0.3333333333333335	0.06570102610411901
1.066463960178658	cosine	24.0	12.0	10.0	0.3939393939393941	0.037302414641954044
0.7847732830268237	cosine	24.0	4.0	6.0	0.4242424242424244	0.02742697317621316
1.1186651352554624	cosine	24.0	16.0	18.0	0.3939393939393941	0.037302414641954044
0.05928466250946885	cosine	24.0	10.0	2.0	0.3939393939393941	0.037302414641954044
-0.4622068558185192	cosine	24.0	12.0	14.0	0.24242424242424254	0.1362855657955242
-1.016798407989171	cosine	24.0	10.0	8.0	0.30303030303030315	0.08511721571435177
-0.7040306404236936	cosine	24.0	4.0	2.0	0.575757575757576	0.004583576838638997
0.20151907234996075	cosine	24.0	8.0	6.0	0.6060606060606063	0.003044944233852819
-0.4451298197578043	cosine	24.0	4.0	0.0	0.4242424242424244	0.02742697317621316
1.2026643492165054	cosine	24.0	4.0	6.0	0.3939393939393941	0.037302414641954044
-2.6540560436817833	cosine	24.0	4.0	20.0	0.45454545454545475	0.019834630913749846
-0.7705496386292617	cosine	24.0	20.0	0.0	0.6363636363636367	0.001988079806063042
-0.7214892495492912	cosine	24.0	12.0	16.0	0.45454545454545475	0.019834630913749846
-0.18875109994592928	cosine	24.0	10.0	8.0	0.30303030303030315	0.08511721571435177
0.9618003744247313	cosine	24.0	0.0	2.0	0.5151515151515154	0.00986438530634296
-0.8826693277440161	cosine	24.0	2.0	22.0	0.3636363636363638	0.04990853551146973
1.630491915414038	cosine	24.0	6.0	8.0	0.4848484848484851	0.014106153084401886
-1.5816313624723937	cosine	24.0	12.0	22.0	0.3636363636363638	0.04990853551146973
-1.376774869953836	cosine	24.0	10.0	8.0	0.3333333333333335	0.06570102610411901
-0.5918285839937065	cosine	24.0	22.0	20.0	0.5151515151515154	0.00986438530634296
-0.29357404819320354	cosine	24.0	16.0	14.0	0.3636363636363638	0.04990853551146973
1.0264324851794326	cosine	24.0	12.0	14.0	0.3333333333333335	0.06570102610411901
-1.0026920468541005	cosine	24.0	22.0	20.0	0.575757575757576	0.004583576838638997
-0.44817488965405117	cosine	24.0	6.0	8.0	0.24242424242424254	0.1362855657955242
1.8857786536998036	cosine	24.0	0.0	2.0	0.4242424242424244	0.02742697317621316
0.4708359824018947	cosine	24.0	2.0	6.0	0.4848484848484851	0.014106153084401886
0.4192602303279512	cosine	24.0	12.0	2.0	0.5454545454545456	0.0067819162397311575
-0.5030556319109402	cosine	24.0	16.0	18.0	0.5454545454545456	0.0067819162397311575
-0.9134767019774835	cosine	24.0	4.0	6.0	0.4848484848484851	0.014106153084401886
-1.7907106818979972	cosine	24.0	18.0	2.0	0.5454545454545456	0.0067819162397311575
-0.37342478633389997	cosine	24.0	22.0	0.0	0.3333333333333335	0.06570102610411901
-0.41470103783442414	cosine	24.0	22.0	20.0	0.45454545454545475	0.019834630913749846
1.5658150571754248	cosine	24.0	20.0	18.0	0.5454545454545456	0.0067819162397311575
0.5764673656192214	cosine	24.0	18.0	20.0	0.30303030303030315	0.08511721571435177
1.2944152263335553	cosine	24.0	22.0	0.0	0.575757575757576	0.004583576838638997
-1.0493730288529342	cosine	24.0	14.0	16.0	0.45454545454545475	0.019834630913749846
-0.9440000701602054	cosine	24.0	14.0	12.0	0.3939393939393941	0.037302414641954044
0.6034541950435897	cosine	24.0	0.0	4.0	0.3333333333333335	0.06570102610411901
1.4914126170740247	cosine	24.0	10.0	12.0	0.45454545454545475	0.019834630913749846
0.9104596327480974	cosine	24.0	10.0	8.0	0.2727272727272728	0.10854448149943507
-0.45880809718048915	cosine	24.0	10.0	8.0	0.4242424242424244	0.02742697317621316
1.1126037834848372	cosine	24.0	4.0	14.0	0.6363636363636367	0.001988079806063042
0.03688591596286197	cosine	24.0	0.0	22.0	0.3939393939393941	0.037302414641954044
0.47866371112786854	cosine	24.0	2.0	0.0	0.3333333333333335	0.06570102610411901
-0.7083337672082944	cosine	24.0	4.0	6.0	0.45454545454545475	0.019834630913749846
0.8954987267906948	cosine	24.0	2.0	0.0	0.4242424242424244	0.02742697317621316
0.7445923684128893	cosine	24.0	10.0	12.0	0.5151515151515154	0.00986438530634296
0.7054403752353875	cosine	24.0	12.0	14.0	0.4242424242424244	0.02742697317621316
-0.3341233422087101	cosine	24.0	10.0	6.0	0.666666666666667	0.0012756406460599887
-0.7098555833280158	cosine	24.0	2.0	0.0	0.3636363636363638	0.04990853551146973
-0.20130884870349788	cosine	24.0	6.0	4.0	0.4242424242424244	0.02742697317621316
-0.9198207168866507	cosine	24.0	8.0	6.0	0.45454545454545475	0.019834630913749846
-0.2931912061936436	cosine	24.0	4.0	0.0	0.2727272727272728	0.10854448149943507
-1.850149022932915	cosine	24.0	20.0	14.0	0.3333333333333335	0.06570102610411901
0.15923329976172182	cosine	24.0	6.0	8.0	0.4242424242424244	0.02742697317621316
-0.6026889477215035	cosine	24.0	8.0	10.0	0.6969696969696972	0.0008043156973336818
-0.664910713133397	cosine	24.0	6.0	4.0	0.45454545454545475	0.019834630913749846
-0.37907110000586963	cosine	24.0	16.0	18.0	0.4242424242424244	0.02742697317621316
-1.2946089923484558	cosine	24.0	22.0	4.0	0.30303030303030315	0.08511721571435177
-0.4384087115708175	cosine	24.0	4.0	6.0	0.3636363636363638	0.04990853551146973
-1.0996897820458276	cosine	24.0	0.0	16.0	0.3636363636363638	0.04990853551146973
-0.275548631647225	cosine	24.0	8.0	6.0	0.3333333333333335	0.06570102610411901
-0.31404597486656954	cosine	24.0	22.0	2.0	0.4242424242424244	0.02742697317621316
0.5663586506418569	cosine	24.0	12.0	10.0	0.45454545454545475	0.019834630913749846
1.5784146694929233	cosine	24.0	2.0	0.0	0.3939393939393941	0.037302414641954044
0.5247473590440798	cosine	24.0	16.0	18.0	0.45454545454545475	0.019834630913749846
-2.1805707828700167	cosine	24.0	18.0	20.0	0.24242424242424254	0.1362855657955242
0.17854164297631706	cosine	24.0	14.0	16.0	0.5454545454545456	0.0067819162397311575
-1.105930884976893	cosine	24.0	14.0	16.0	0.4242424242424244	0.02742697317621316
-2.8287737401335207	cosine	24.0	6.0	20.0	0.575757575757576	0.004583576838638997
0.3624937212605633	cosine	24.0	10.0	12.0	0.2727272727272728	0.10854448149943507
0.589088119116148	cosine	24.0	22.0	0.0	0.666666666666667	0.0012756406460599887
-0.6455490085665353	cosine	24.0	22.0	4.0	0.5151515151515154	0.00986438530634296
-0.5405876427829074	cosine	24.0	18.0	4.0	0.4848484848484851	0.014106153084401886
-0.9362447481870012	cosine	24.0	8.0	6.0	0.5454545454545456	0.0067819162397311575
-1.4911667475011916	cosine	24.0	22.0	20.0	0.3939393939393941	0.037302414641954044
1.9175261984935548	cosine	24.0	4.0	0.0	0.4242424242424244	0.02742697317621316
1.196122068167943	cosine	24.0	8.0	6.0	0.4242424242424244	0.02742697317621316
-0.9860888358259318	cosine	24.0	18.0	20.0	0.45454545454545475	0.019834630913749846
1.1821298599095262	cosine	24.0	12.0	10.0	0.4848484848484851	0.014106153084401886
1.092906186273848	cosine	24.0	14.0	12.0	0.3636363636363638	0.04990853551146973
-1.319530367908174	cosine	24.0	10.0	12.0	0.4242424242424244	0.02742697317621316
0.027246582936961316	cosine	24.0	18.0	20.0	0.5454545454545456	0.0067819162397311575
0.24638156770740297	cosine	24.0	0.0	16.0	0.6060606060606063	0.003044944233852819
0.5341986800799954	cosine	24.0	14.0	0.0	0.575757575757576	0.004583576838638997
-0.7806557065284888	cosine	24.0	8.0	12.0	0.4242424242424244	0.02742697317621316
-0.7932533952080085	cosine	24.0	16.0	18.0	0.3333333333333335	0.06570102610411901
-0.9714838647881519	cosine	24.0	18.0	16.0	0.30303030303030315	0.08511721571435177
0.021730588081830773	cosine	24.0	8.0	10.0	0.5151515151515154	0.00986438530634296
-0.13778970100294446	cosine	24.0	16.0	18.0	0.45454545454545475	0.019834630913749846
-2.218612769461533	cosine	24.0	10.0	12.0	0.2727272727272728	0.10854448149943507
1.5086494519889873	cosine	24.0	20.0	18.0	0.5454545454545456	0.0067819162397311575
0.6800112192457481	cosine	24.0	12.0	22.0	0.5454545454545456	0.0067819162397311575
-0.6743999437015546	cosine	24.0	16.0	8.0	0.6969696969696972	0.0008043156973336818
0.3879218702134602	cosine	24.0	14.0	12.0	0.666666666666667	0.0012756406460599887
1.7664387314178156	cosine	24.0	20.0	22.0	0.45454545454545475	0.019834630913749846
1.0432301690164438	cosine	24.0	14.0	12.0	0.3333333333333335	0.06570102610411901
0.18736775094543429	cosine	24.0	14.0	16.0	0.45454545454545475	0.019834630913749846
0.27011991103191374	cosine	24.0	2.0	0.0	0.4242424242424244	0.02742697317621316
-0.7054426219418616	cosine	24.0	8.0	6.0	0.3939393939393941	0.037302414641954044
-1.1339871680945899	cosine	24.0	2.0	8.0	0.6060606060606063	0.003044944233852819
-1.6600718777729324	cosine	24.0	10.0	0.0	0.5151515151515154	0.00986438530634296
-0.20293513864115167	cosine	24.0	10.0	18.0	0.3939393939393941	0.037302414641954044
0.9380324316388253	cosine	24.0	18.0	20.0	0.3333333333333335	0.06570102610411901
-0.39456273854928103	cosine	24.0	2.0	4.0	0.4848484848484851	0.014106153084401886
0.525943455293546	cosine	24.0	4.0	6.0	0.45454545454545475	0.019834630913749846
0.10026864922238228	cosine	24.0	16.0	22.0	0.4848484848484851	0.014106153084401886
0.10194699176577815	cosine	24.0	18.0	16.0	0.2727272727272728	0.10854448149943507
0.05153313116779676	cosine	24.0	4.0	2.0	0.3333333333333335	0.06570102610411901
0.45589426324189464	cosine	24.0	4.0	6.0	0.45454545454545475	0.019834630913749846
-1.797691104284576	cosine	24.0	22.0	20.0	0.3333333333333335	0.06570102610411901
0.38521879844610163	cosine	24.0	20.0	18.0	0.3333333333333335	0.06570102610411901
-1.0035959827734136	cosine	24.0	12.0	16.0	0.3636363636363638	0.04990853551146973
-2.281735800619212	cosine	24.0	8.0	18.0	0.5151515151515154	0.00986438530634296
-0.23104443301469074	cosine	24.0	14.0	20.0	0.575757575757576	0.004583576838638997
0.11582976588467335	cosine	24.0	12.0	18.0	0.3636363636363638	0.04990853551146973
1.3322459826543525	cosine	24.0	2.0	0.0	0.3636363636363638	0.04990853551146973
0.4662195857576965	cosine	24.0	6.0	4.0	0.45454545454545475	0.019834630913749846
0.032549810357392246	cosine	24.0	20.0	18.0	0.2727272727272728	0.10854448149943507
0.8111903402748375	cosine	24.0	12.0	18.0	0.4848484848484851	0.014106153084401886
0.16584598947472443	cosine	24.0	18.0	20.0	0.3939393939393941	0.037302414641954044
2.0006870898551274	cosine	24.0	6.0	2.0	0.575757575757576	0.004583576838638997
-0.016302714427898633	cosine	24.0	14.0	12.0	0.5151515151515154	0.00986438530634296
-0.7346412039380059	cosine	24.0	14.0	10.0	0.4848484848484851	0.014106153084401886
0.5656271724434123	cosine	24.0	14.0	4.0	0.3333333333333335	0.06570102610411901
-1.7982494561969562	cosine	24.0	22.0	0.0	0.6969696969696972	0.0008043156973336818
-0.07057090173651268	cosine	24.0	14.0	12.0	0.5151515151515154	0.00986438530634296
0.9748476244631156	cosine	24.0	14.0	16.0	0.4242424242424244	0.02742697317621316
-0.6297092036040498	cosine	24.0	6.0	8.0	0.7575757575757579	0.000303320964553055
0.05224458443586854	cosine	24.0	22.0	16.0	0.5454545454545456	0.0067819162397311575
-0.37740094020579923	cosine	24.0	14.0	12.0	0.5151515151515154	0.00986438530634296
0.8536565165872841	cosine	24.0	8.0	16.0	0.4242424242424244	0.02742697317621316
0.34368912808204116	cosine	24.0	16.0	6.0	0.666666666666667	0.0012756406460599887
0.09134472498301063	cosine	24.0	16.0	18.0	0.5151515151515154	0.00986438530634296
1.8229207390184266	cosine	24.0	2.0	6.0	0.3939393939393941	0.037302414641954044
-1.0976612422639362	cosine	24.0	4.0	2.0	0.3636363636363638	0.04990853551146973
0.7984188191244129	cosine	24.0	6.0	8.0	0.575757575757576	0.004583576838638997
-1.1322246279760448	cosine	24.0	16.0	18.0	0.45454545454545475	0.019834630913749846
0.7560090575323979	cosine	24.0	12.0	16.0	0.6060606060606063	0.003044944233852819
0.6251197413948135	cosine	24.0	20.0	18.0	0.45454545454545475	0.019834630913749846
1.4580041330544382	cosine	24.0	14.0	16.0	0.5151515151515154	0.00986438530634296
-1.0865740161642765	cosine	24.0	2.0	6.0	0.4848484848484851	0.014106153084401886
-0.514882922641585	cosine	24.0	20.0	18.0	0.5454545454545456	0.0067819162397311575
0.17782571447721354	cosine	24.0	8.0	6.0	0.4848484848484851	0.014106153084401886
-2.4148683352800275	cosine	24.0	20.0	18.0	0.30303030303030315	0.08511721571435177
0.3956150069046302	cosine	24.0	20.0	18.0	0.3939393939393941	0.037302414641954044
-1.4972389805456827	cosine	24.0	4.0	8.0	0.3333333333333335	0.06570102610411901
-1.2138637017733231	cosine	24.0	18.0	2.0	0.4242424242424244	0.02742697317621316
0.24590901953615057	cosine	24.0	8.0	10.0	0.5151515151515154	0.00986438530634296
0.3258350403478495	cosine	24.0	6.0	2.0	0.4848484848484851	0.014106153084401886
0.8078855505526116	cosine	24.0	16.0	12.0	0.45454545454545475	0.019834630913749846
-0.7536394985396025	cosine	24.0	8.0	10.0	0.30303030303030315	0.08511721571435177
0.2417086108656099	cosine	24.0	4.0	2.0	0.3636363636363638	0.04990853551146973
-1.3032531300541565	cosine	24.0	12.0	0.0	0.5454545454545456	0.0067819162397311575
0.13999049963451324	cosine	24.0	14.0	10.0	0.3333333333333335	0.06570102610411901
0.1495593862940849	cosine	24.0	12.0	14.0	0.3939393939393941	0.037302414641954044
-1.07596869675549	cosine	24.0	14.0	12.0	0.30303030303030315	0.08511721571435177
-2.1364615061185246	cosine	24.0	10.0	18.0	0.5151515151515154	0.00986438530634296
0.796266419660135	cosine	24.0	6.0	12.0	0.6060606060606063	0.003044944233852819
1.1080236571566588	cosine	24.0	18.0	20.0	0.4848484848484851	0.014106153084401886
-1.6769498453821705	cosine	24.0	2.0	4.0	0.5454545454545456	0.0067819162397311575
-0.10586641194335758	cosine	24.0	8.0	6.0	0.3333333333333335	0.06570102610411901
-0.6567073969313635	cosine	24.0	4.0	6.0	0.4242424242424244	0.02742697317621316
-0.5690274856197662	cosine	24.0	6.0	4.0	0.3636363636363638	0.04990853551146973
-0.8584598728362283	cosine	24.0	22.0	20.0	0.5454545454545456	0.0067819162397311575
0.48659288215102126	cosine	24.0	20.0	0.0	0.4848484848484851	0.014106153084401886
0.16675007499562744	cosine	24.0	22.0	6.0	0.6969696969696972	0.0008043156973336818
0.6625648688095633	cosine	24.0	10.0	14.0	0.3333333333333335	0.06570102610411901
1.0941634948506662	cosine	24.0	8.0	4.0	0.4848484848484851	0.014106153084401886
-1.3318371877559112	cosine	24.0	16.0	14.0	0.2727272727272728	0.10854448149943507
0.37187907549133664	cosine	24.0	22.0	0.0	0.30303030303030315	0.08511721571435177
1.6616004608981234	cosine	24.0	14.0	12.0	0.4242424242424244	0.02742697317621316
-0.08908820967628073	cosine	24.0	0.0	22.0	0.30303030303030315	0.08511721571435177
-0.42860852208898925	cosine	24.0	22.0	18.0	0.5454545454545456	0.0067819162397311575
-1.6492930711425045	cosine	24.0	22.0	18.0	0.30303030303030315	0.08511721571435177
0.6009233473782378	cosine	24.0	14.0	12.0	0.30303030303030315	0.08511721571435177
-0.7552183394885179	cosine	24.0	4.0	8.0	0.5151515151515154	0.00986438530634296
1.3150917961406543	cosine	24.0	10.0	12.0	0.3636363636363638	0.04990853551146973
-0.8616397038238169	cosine	24.0	18.0	20.0	0.4848484848484851	0.014106153084401886
-1.4426345221962287	cosine	24.0	16.0	22.0	0.45454545454545475	0.019834630913749846
0.1833378439121841	cosine	24.0	8.0	2.0	0.5454545454545456	0.0067819162397311575
1.1986851632241857	cosine	24.0	10.0	22.0	0.24242424242424254	0.1362855657955242
-0.41894367236666896	cosine	24.0	20.0	10.0	0.4848484848484851	0.014106153084401886
0.4005612590971671	cosine	24.0	18.0	20.0	0.45454545454545475	0.019834630913749846
1.4903820153464724	cosine	24.0	10.0	12.0	0.3939393939393941	0.037302414641954044
0.5258594528665334	cosine	24.0	10.0	16.0	0.3939393939393941	0.037302414641954044
-0.251733216109351	cosine	24.0	16.0	12.0	0.4242424242424244	0.02742697317621316
-0.7083077584028354	cosine	24.0	2.0	4.0	0.5151515151515154	0.00986438530634296
-2.169082273491579	cosine	24.0	10.0	18.0	0.3636363636363638	0.04990853551146973
0.057174803320847054	cosine	24.0	6.0	20.0	0.3333333333333335	0.06570102610411901
-1.984358400094967	cosine	24.0	0.0	20.0	0.5454545454545456	0.0067819162397311575
1.173867495079126	cosine	24.0	14.0	12.0	0.45454545454545475	0.019834630913749846
1.3318502274248873	cosine	24.0	18.0	20.0	0.3333333333333335	0.06570102610411901
1.9274134708807529	cosine	24.0	18.0	20.0	0.3636363636363638	0.04990853551146973
